           1  -30.200927388399023       0.57812496664218938       -29.622802421756834     
           2  -30.192111458135724       0.56658370053593921       -29.625527757599784     
           3  -30.188753217806408       0.56049453032292018       -29.628258687483488     
           4  -30.190880414138807       0.55987414823034121       -29.631006265908464     
           5  -30.198543207254218       0.56476144170761544       -29.633781765546601     
           6  -30.211814798623820       0.57521799054813572       -29.636596808075684     
           7  -30.230792328493042       0.59132882803210229       -29.639463500460941     
           8  -30.255598056375135       0.61320347788749574       -29.642394578487639     
           9  -30.286380841522842       0.64097728241075425       -29.645403559112086     
          10  -30.323317942868325       0.67481304009832677       -29.648504902770000     
          11  -30.366617159228465       0.71490297319073526       -29.651714186037729     
          12  -30.416519329709228       0.76147104592261539       -29.655048283786613     
          13  -30.473301209775652       0.81477565187672729       -29.658525557898926     
          14  -30.537278728117357       0.87511268186150226       -29.662166046255855     
          15  -30.608810609674794       0.94281896934184473       -29.665991640332951     
          16  -30.688302315450763        1.0182760842271736       -29.670026231223588     
          17  -30.776210191407870        1.1019144008761392       -29.674295790531730     
          18  -30.873045623561040        1.1942172918615364       -29.678828331699503     
          19  -30.979378843955924        1.2957251789616304       -29.683653664994296     
          20  -31.095841791673557        1.4070389819861182       -29.688802809687438     
          21  -31.223129058088258        1.5288222066577342       -29.694306851430525     
          22  -31.361995368771655        1.6618004489242231       -29.700194919847434     
          23  -31.513247180691621        1.8067563842981136       -29.706490796393506     
          24  -31.677724677994689        1.9645172469726426       -29.713207431022045     
          25  -31.856268590247261        2.1359302472255748       -29.720338343021687     
          26  -32.049663724339496        2.3218191886487354       -29.727844535690760     
          27  -32.258547961682922        2.5229126754291458       -29.735635286253775     
          28  -32.483272299882849        2.7397309934668703       -29.743541306415977     
          29  -32.723696066134480        2.9724160360878247       -29.751280030046654     
          30  -32.978905766251664        3.2204892296090191       -29.758416536642645     
          31  -33.246863887132385        3.4825320155518660       -29.764331871580520     
          32  -33.524036698400607        3.7558118692867803       -29.768224829113827     
          33  -33.805126779727715        4.0359359671472017       -29.769190812580511     
          34  -34.083134444595437        4.3167070659503342       -29.766427378645105     
          35  -34.350027071074393        4.5904481713267380       -29.759578899747655     
          36  -34.598178360021251        4.8490536859750311       -29.749124674046222     
          37  -34.822353472088309        5.0857764014317768       -29.736577070656534     
          38  -35.021505498458083        5.2972618888747709       -29.724243609583311     
          39  -35.199464724123771        5.4849146673630980       -29.714550056760672     
          40  -35.364083013512285        5.6548178574407943       -29.709265156071492     
          41  -35.525231399265842        5.8161874795921618       -29.709043919673679     
          42  -35.692519505771230        5.9790959416875040       -29.713423564083726     
          43  -35.873410775226901        6.1523240844953353       -29.721086690731568     
          44  -36.071901286127733        6.3417680599704163       -29.730133226157317     
          45  -36.287587509672868        6.5493485717449706       -29.738238937927896     
          46  -36.514956241016506        6.7721981642170173       -29.742758076799490     
          47  -36.743036143252205        7.0020767942616180       -29.740959348990586     
          48  -36.955993400970065        7.2253740254831920       -29.730619375486874     
          49  -37.135497560192960        7.4244715241892898       -29.711026036003670     
          50  -37.265169012834427        7.5811949405051156       -29.683974072329313     
          51  -37.335889592663754        7.6820273593752093       -29.653862233288546     
          52  -37.349257027625242        7.7229561043194277       -29.626300923305813     
          53  -37.316953000581911        7.7110599638865747       -29.605893036695335     
          54  -37.256452038260782        7.6617497130380681       -29.594702325222713     
          55  -37.185720845511860        7.5935059576758164       -29.592214887836043     
          56  -37.119334819067021        7.5230328132244519       -29.596302005842567     
          57  -37.066738628680945        7.4624635606921821       -29.604275067988763     
          58  -37.032103758265542        7.4185489021412625       -29.613554856124281     
          59  -37.014987822483818        7.3930201627415535       -29.621967659742264     
          60  -37.011323314461904        7.3834536554862433       -29.627869658975662     
          61  -37.014633769479964        7.3843686624623706       -29.630265107017593     
          62  -37.017539449689018        7.3885795069472007       -29.628959942741815     
          63  -37.013512612095397        7.3888517002982290       -29.624660911797168     
          64  -36.998562103832818        7.3796946836234429       -29.618867420209376     
          65  -36.972314805762878        7.3588301917154642       -29.613484614047415     
          66  -36.938083323934080        7.3278016217284465       -29.610281702205633     
          67  -36.901961380032112        7.2915083488186516       -29.610453031213460     
          68  -36.871430456696920        7.2569618045549307       -29.614468652141991     
          69  -36.854064265265194        7.2318613528859519       -29.622202912379244     
          70  -36.856690740578735        7.2234971205314711       -29.633193620047265     
          71  -36.885065343950423        7.2381785165020887       -29.646886827448334     
          72  -36.943922080054314        7.2811236006641558       -29.662798479390158     
          73  -37.037228015087237        7.3566368039897130       -29.680591211097525     
          74  -37.168507902254731        7.4684145090769531       -29.700093393177777     
          75  -37.341163201095007        7.6198747126296569       -29.721288488465351     
          76  -37.558753035111593        7.8144598614579266       -29.744293173653666     
          77  -37.825227122602385        8.0558946967545566       -29.769332425847828     
          78  -38.145105561450940        8.3483939668495921       -29.796711594601348     
          79  -38.523590568643613        8.6968121975975325       -29.826778371046082     
          80  -38.966569677788208        9.1067106279633236       -29.859859049824884     
          81  -39.480421234367292        9.5842809248333030       -29.896140309533990     
          82  -40.071446836746482        10.136000619647064       -29.935446217099418     
          83  -40.744611636059155        10.767783310735776       -29.976828325323378     
          84  -41.501061906412140        11.483207900485670       -30.017854005926470     
          85  -42.333670858438673        12.280175052879178       -30.053495805559493     
          86  -43.219944163603188        13.145189543380905       -30.074754620222283     
          87  -44.112865872744230        14.044938413513334       -30.067927459230894     
          88  -44.934118330518928        14.917167717447098       -30.016950613071828     
          89  -45.580295247644472        15.668314215168820       -29.911981032475651     
          90  -45.953200888678765        16.190809741510133       -29.762391147168632     
          91  -46.006082760654586        16.405187115112547       -29.600895645542039     
          92  -45.769557997782570        16.302871039719847       -29.466686958062724     
          93  -45.330782207406422        15.949347060886456       -29.381435146519966     
          94  -44.786832846251642        15.443965915197184       -29.342866931054459     
          95  -44.210879289383023        14.875045320294488       -29.335833969088533     
          96  -43.644020484862139        14.299313173350496       -29.344707311511641     
          97  -43.102926550855770        13.743862225111412       -29.359064325744356     
          98  -42.591012311851117        13.217096995295361       -29.373915316555756     
          99  -42.106577608109475        12.718980652163722       -29.387596955945753     
         100  -41.646389636986505        12.246841952098027       -29.399547684888478     
         101  -41.206151428021258        11.797019751546715       -29.409131676474544     
         102  -40.780249243510966        11.364592161465957       -29.415657082045009     
         103  -40.362419585918836        10.943427212684270       -29.418992373234566     
         104  -39.947499801989608        10.527480992725742       -29.420018809263865     
         105  -39.533286658533250        10.112813376302128       -29.420473282231121     
         106  -39.121340586198926        9.6990757890055654       -29.422264797193360     
         107  -38.716307867526965        9.2895656006485758       -29.426742266878389     
         108  -38.324288454325291        8.8899348092940045       -29.434353645031287     
         109  -37.951168374079863        8.5064017756118115       -29.444766598468050     
         110  -37.601541734276005        8.1443195807074140       -29.457222153568591     
         111  -37.278333807990641        7.8074627680605371       -29.470871039930103     
         112  -36.982917547959588        7.4979394107844755       -29.484978137175112     
         113  -36.715457651608993        7.2164585401610877       -29.498999111447905     
         114  -36.475293359086727        6.9627152027526327       -29.512578156334094     
         115  -36.261266598539073        6.7357545734998752       -29.525512025039198     
         116  -36.071967702907941        6.5342600950306888       -29.537707607877252     
         117  -35.905903739531212        6.3567585625665739       -29.549145176964636     
         118  -35.761605956512057        6.2017552996089158       -29.559850656903141     
         119  -35.637693760779364        6.0678174060994392       -29.569876354679923     
         120  -35.532909616405462        5.9536212840879363       -29.579288332317525     
         121  -35.446135488894150        5.8579769409798406       -29.588158547914311     
         122  -35.376398193911086        5.7798379545432450       -29.596560239367840     
         123  -35.322868538193454        5.7183031040779442       -29.604565434115511     
         124  -35.284857402775891        5.6726135880658495       -29.612243814710041     
         125  -35.261810748806333        5.6421483206112057       -29.619662428195127     
         126  -35.253304759783404        5.6264188532990795       -29.626885906484326     
         127  -35.259041838542885        5.6250648554258689       -29.633976983117016     
         128  -35.278847853991294        5.6378506888980198       -29.640997165093275     
         129  -35.312670808707409        5.6646633500822050       -29.648007458625205     
         130  -35.360580917602590        5.7055118563840610       -29.655069061218530     
         131  -35.422771899681322        5.7605279784762899       -29.662243921205032     
         132  -35.499563035559426        5.8299680094085158       -29.669595026150908     
         133  -35.591401163123876        5.9142149594608489       -29.677186203663027     
         134  -35.698861171938439        6.0137800880927488       -29.685081083845692     
         135  -35.822642561104850        6.1293019087696488       -29.693340652335202     
         136  -35.963558012321066        6.2615395408482071       -29.702018471472858     
         137  -36.122507352667618        6.4113552501238837       -29.711152102543736     
         138  -36.300426252595955        6.5796778005706384       -29.720748452025315     
         139  -36.498192921610936        6.7674332771872860       -29.730759644423649     
         140  -36.716467410586347        6.9754227201800827       -29.741044690406262     
         141  -36.955427138053338        7.2041159326983530       -29.751311205354984     
         142  -37.214351632130636        7.4533192719584482       -29.761032360172187     
         143  -37.491008118967223        7.7216671400474857       -29.769340978919736     
         144  -37.780818897543028        8.0058962863849903       -29.774922611158040     
         145  -38.075891119808880        8.2999190691878884       -29.775972050620993     
         146  -38.364207387863544        8.5938644459479434       -29.770342941915601     
         147  -38.629604014550722        8.8735397691370554       -29.756064245413668     
         148  -38.853397052348612        9.1211020235783522       -29.732295028770260     
         149  -39.018160080719177        9.3177568979919112       -29.700403182727264     
         150  -39.112819990032044        9.4484655401223669       -29.664354449909677     
         151  -39.136610596169632        9.5069273001130856       -29.629683296056548     
         152  -39.099380797274748        9.4979737528992949       -29.601407044375453     
         153  -39.018045001228451        9.4357454723499856       -29.582299528878465     
         154  -38.911471659918384        9.3389041585320705       -29.572567501386313     
         155  -38.796419859330243        9.2257343218366152       -29.570685537493627     
         156  -38.685612166657883        9.1111178414766751       -29.574494325181206     
         157  -38.587572090265503        9.0056119463526159       -29.581960143912887     
         158  -38.507366802435151        8.9158679465075270       -29.591498855927625     
         159  -38.447579761828003        8.8455659598573924       -29.602013801970610     
         160  -38.409172183336750        8.7963623127550363       -29.612809870581714     
         161  -38.392129405594204        8.7686478862191173       -29.623481519375087     
         162  -38.395902297105337        8.7620863185150473       -29.633815978590292     
         163  -38.419690445758107        8.7759686038165459       -29.643721841941563     
         164  -38.462615242974564        8.8094345929080298       -29.653180650066535     
         165  -38.523820922498309        8.8616051726867191       -29.662215749811590     
         166  -38.602530411916355        8.9316573925839915       -29.670873019332362     
         167  -38.698073813562580        9.0188644747475628       -29.679209338815017     
         168  -38.809900899155387        9.1226149404438441       -29.687285958711541     
         169  -38.937584713994447        9.2424198164475868       -29.695164897546860     
         170  -39.080820633790047        9.3779134511199178       -29.702907182670131     
         171  -39.239423493416439        9.5288512970340538       -29.710572196382387     
         172  -39.413324347634713        9.6951066704767808       -29.718217677157931     
         173  -39.602567784920716        9.8766676785090155       -29.725900106411700     
         174  -39.807310339631748        10.073635015565293       -29.733675324066454     
         175  -40.027820335994363        10.286221049389640       -29.741599286604725     
         176  -40.264479388901343        10.514750463093888       -29.749728925807453     
         177  -40.517785744618585        10.759662649160260       -29.758123095458323     
         178  -40.788359647999663        11.021516034403623       -29.766843613596038     
         179  -41.076950960321547        11.300994536630197       -29.775956423691348     
         180  -41.384449318305258        11.598916406200399       -29.785532912104859     
         181  -41.711897218889774        11.916245786056953       -29.795651432832820     
         182  -42.060506535781101        12.254107431692999       -29.806399104088101     
         183  -42.431679120531705        12.613805167526877       -29.817873953004828     
         184  -42.827032303058743        12.996844813367792       -29.830187489690950     
         185  -43.248430256307778        13.404962477379851       -29.843467778927927     
         186  -43.698022263082983        13.840159237969193       -29.857863025113790     
         187  -44.178288786784769        14.304743234229852       -29.873545552554916     
         188  -44.692095643305137        14.801379868277674       -29.890715775027463     
         189  -45.242755018175806        15.333149842274949       -29.909605175900857     
         190  -45.834088706424566        15.903612467110303       -29.930476239314263     
         191  -46.470482251350496        16.516866947940752       -29.953615303409745     
         192  -47.156905998293269        17.177595185989464       -29.979310812303805     
         193  -47.898856037845832        17.891052638194417       -30.007803399651415     
         194  -48.702127451102925        18.662943307714997       -30.039184143387928     
         195  -49.572263744514530        19.499062197474302       -30.073201547040227     
         196  -50.513418310908904        20.404501736224564       -30.108916574684340     
         197  -51.526216384489544        21.382088577525543       -30.144127806964001     
         198  -52.604075308771257        22.429561156887743       -30.174514151883514     
         199  -53.727550407509185        23.534932136122773       -30.192618271386412     
         200  -54.857194424271690        24.669872983830302       -30.187321440441387     
         201  -55.928025558739982        25.782593872149469       -30.145431686590513     
         202  -56.852834551660678        26.795311778415446       -30.057522773245232     
         203  -57.542591294173533        27.615208622362410       -29.927382671811124     
         204  -57.941294274527543        28.164036327629290       -29.777257946898253     
         205  -58.052959699771584        28.413627211957646       -29.639332487813938     
         206  -57.937491907803739        28.399262247524405       -29.538229660279335     
         207  -57.680607969298023        28.199223743909350       -29.481384225388673     
         208  -57.363513569224779        27.900673880912013       -29.462839688312766     
         209  -57.047722916826373        27.576129971973437       -29.471592944852937     
         210  -56.773014006194508        27.275942781393244       -29.497071224801264     
         211  -56.561287169839645        27.030198895121458       -29.531088274718186     
         212  -56.421636120506449        26.853643375355343       -29.567992745151106     
         213  -56.354800310332458        26.750582402322333       -29.604217908010124     
         214  -56.356581107125237        26.718829764775450       -29.637751342349787     
         215  -56.420332829983820        26.752629346366973       -29.667703483616847     
         216  -56.538770551980271        26.844770062454497       -29.694000489525774     
         217  -56.705284165919380        26.988127094980634       -29.717157070938747     
         218  -56.914836781077732        27.176764692594599       -29.738072088483133     
         219  -57.164447507575460        27.406629223343796       -29.757818284231664     
         220  -57.453262126731829        27.675820934243514       -29.777441192488315     
         221  -57.782285611944133        27.984476819745115       -29.797808792199017     
         222  -58.153926900369981        28.334381370441548       -29.819545529928433     
         223  -58.571531641213014        28.728478849888020       -29.843052791324993     
         224  -59.039041047474427        29.170452403209818       -29.868588644264609     
         225  -59.560843898784817        29.664474708765653       -29.896369190019165     
         226  -60.141820314532346        30.215160633653063       -29.926659680879283     
         227  -60.787525840862280        30.827692744672564       -29.959833096189715     
         228  -61.504423826794351        31.508048167747503       -29.996375659046848     
         229  -62.300017301040114        32.263211629879024       -30.036805671161090     
         230  -63.182620458113533        33.101182576961975       -30.081437881151558     
         231  -64.160291188272268        34.030428921539922       -30.129862266732346     
         232  -65.238056367781923        35.058144666700265       -30.179911701081657     
         233  -66.411997654966612        36.186177786999380       -30.225819867967232     
         234  -67.658391866263358        37.402907534030724       -30.255484332232633     
         235  -68.917492666756644        38.669452493725295       -30.248040173031349     
         236  -70.078432340234158        39.901997446300655       -30.176434893933504     
         237  -70.986232013828499        40.963138849283453       -30.023093164545045     
         238  -71.497224345084305        41.690373094712001       -29.806851250372304     
         239  -71.565990037534803        41.976291182714817       -29.589698854819986     
         240  -71.281718698762376        41.845060836437796       -29.436657862324580     
         241  -70.809942424136693        41.438795877398313       -29.371146546738380     
         242  -70.305491996857725        40.929356131944040       -29.376135864913685     
         243  -69.868056167210000        40.446893243677316       -29.421162923532684     
         244  -69.541582785050451        40.061347088662529       -29.480235696387922     
         245  -69.329906310908427        39.793904981425342       -29.536001329483085     
         246  -69.212725657125532        39.633957345162926       -29.578768311962605     
         247  -69.159667782769688        39.553900539444861       -29.605767243324827     
         248  -69.143792799436468        39.522871964431332       -29.620920835005137     
         249  -69.152697401661129        39.519769504343081       -29.632927897318048     
         250  -69.192484582308921        39.541551910301379       -29.650932672007542     
         251  -69.283016342000337        39.602565399515463       -29.680450942484875     
         252  -69.448982142886720        39.726595224191648       -29.722386918695072     
         253  -69.712761956859268        39.938046686903107       -29.774715269956161     
         254  -70.091436009306634        40.256849043077914       -29.834586966228720     
         255  -70.596846795857260        40.697317525319029       -29.899529270538231     
         256  -71.236772492880377        41.269061003358956       -29.967711489521420     
         257  -72.015896869068285        41.978204551098813       -30.037692317969473     
         258  -72.935984678727820        42.828018159362664       -30.107966519365156     
         259  -73.995075353311520        43.818612886624528       -30.176462466686992     
         260  -75.185720788884652        44.945635844841455       -30.240084944043197     
         261  -76.492561421350715        46.198097193436439       -30.294464227914276     
         262  -77.890046739104932        47.555832755560495       -30.334213983544437     
         263  -79.341816299988835        48.987755702826540       -30.354060597162295     
         264  -80.803578314105138        50.452717483813764       -30.350860830291374     
         265  -82.230044014636931        51.904539576425798       -30.325504438211134     
         266  -83.582850908752889        53.300300575275934       -30.282550333476955     
         267  -84.832610928839316        54.606559424113350       -30.226051504725966     
         268  -85.949808414044966        55.796109879811681       -30.153698534233285     
         269  -86.889000006090498        56.833783061550541       -30.055216944539957     
         270  -87.581313993747870        57.661979822414381       -29.919334171333489     
         271  -87.949024357409314        58.203036593219792       -29.745987764189522     
         272  -87.939490077460988        58.385772957645514       -29.553717119815474     
         273  -87.557767520769204        58.182826143344506       -29.374941377424697     
         274  -86.876389603759847        57.634082414702476       -29.242307189057371     
         275  -86.017082553122449        56.841458677426687       -29.175623875695763     
         276  -85.117089619201309        55.939925870731535       -29.177163748469773     
         277  -84.299645439282585        55.063178170103619       -29.236467269178966     
         278  -83.660426210418819        54.321402246904036       -29.339023963514784     
         279  -83.268852037369612        53.796131971692745       -29.472720065676867     
         280  -83.176597152801051        53.546431222938537       -29.630165929862514     
         281  -83.426102589486547        53.618372271641014       -29.807730317845532     
         282  -84.053096405625496        54.051589372994947       -30.001507032630549     
         283  -85.073980761015150        54.876318477301709       -30.197662283713441     
         284  -86.439852703294846        56.087929600868407       -30.351923102426440     
         285  -87.940471154754903        57.576005213765789       -30.364465940989113     
         286  -89.134194151199281        59.012195973381942       -30.121998177817339     
         287  -89.576721390510343        59.877770422272228       -29.698950968238115     
         288  -89.293871592877053        59.904407150337100       -29.389464442539953     
         289  -88.721738318502872        59.398569346747877       -29.323168971754995     
         290  -88.217118952609056        58.823463505731041       -29.393655446878014     
         291  -87.884679153986013        58.404899131143850       -29.479780022842164     
         292  -87.673373391684606        58.148197146728982       -29.525176244955624     
         293  -87.485073921450763        57.964872230388970       -29.520201691061793     
         294  -87.233849851837931        57.756489629531600       -29.477360222306331     
         295  -86.869874650272521        57.453142475395083       -29.416732174877438     
         296  -86.380504170739101        57.025185992808368       -29.355318177930734     
         297  -85.776577569408502        56.474364581116518       -29.302212988291984     
         298  -85.089613904466390        55.820526931690893       -29.269086972775497     
         299  -84.382704228256486        55.110274327743753       -29.272429900512734     
         300  -83.732069715034626        54.420158672371031       -29.311911042663596     
         301  -83.176076999729077        53.815782588699747       -29.360294411029329     
         302  -82.690209012630561        53.302930671806770       -29.387278340823791     
         303  -82.225333874662240        52.834385747416803       -29.390948127245437     
         304  -81.756506897563654        52.369473991135443       -29.387032906428210     
         305  -81.268686214982068        51.895135349489607       -29.373550865492462     
         306  -80.728296464882078        51.387687107652454       -29.340609357229624     
         307  -80.100459434503534        50.807591742692210       -29.292867691811324     
         308  -79.370879710077645        50.128644443197686       -29.242235266879959     
         309  -78.552701069626380        49.349426950788676       -29.203274118837705     
         310  -77.690170301814788        48.499212089918956       -29.190958211895833     
         311  -76.839927759455009        47.634069146197753       -29.205858613257256     
         312  -76.038147897071482        46.804360409074441       -29.233787487997041     
         313  -75.304280299781240        46.032506309499759       -29.271773990281481     
         314  -74.673621651266956        45.342511455001898       -29.331110196265058     
         315  -74.182786684602803        44.777943454374707       -29.404843230228096     
         316  -73.827012465254285        44.360055233520214       -29.466957231734071     
         317  -73.551814112890455        44.056569336114734       -29.495244776775721     
         318  -73.293471927487857        43.797700803429635       -29.495771124058223     
         319  -73.041093250580744        43.538159644413767       -29.502933606166977     
         320  -72.839351461753083        43.301828964324265       -29.537522497428817     
         321  -72.735303824958748        43.143243302341091       -29.592060522617658     
         322  -72.749858276698077        43.097349628850957       -29.652508647847121     
         323  -72.882664463932485        43.172464151625562       -29.710200312306924     
         324  -73.122693500461438        43.361470011858131       -29.761223488603306     
         325  -73.454207566132752        43.650363317943281       -29.803844248189471     
         326  -73.859179582760063        44.022010352721765       -29.837169230038299     
         327  -74.318542823363899        44.457662477450924       -29.860880345912975     
         328  -74.813639899849306        44.938174071494267       -29.875465828355040     
         329  -75.328095129462639        45.445719910090730       -29.882375219371909     
         330  -75.849124606426898        45.965641682346984       -29.883482924079914     
         331  -76.366169563683286        46.486827689728827       -29.879341873954459     
         332  -76.864213068524705        46.998099369470630       -29.866113699054075     
         333  -77.310301589415857        47.478118060300893       -29.832183529114964     
         334  -77.638183040586014        47.879193780234004       -29.758989260352010     
         335  -77.751986050809933        48.116502412923275       -29.635483637886658     
         336  -77.574308437800369        48.092117034960197       -29.482191402840172     
         337  -77.106368474667192        47.761671687853777       -29.344696786813415     
         338  -76.422738416461954        47.170526157926162       -29.252212258535792     
         339  -75.614787912667694        46.410752768532362       -29.204035144135332     
         340  -74.753606249408676        45.566461139896305       -29.187145109512372     
         341  -73.884561379104426        44.695307397766292       -29.189253981338133     
         342  -73.033568083308268        43.831782107172600       -29.201785976135668     
         343  -72.213665422919547        42.994509701515732       -29.219155721403816     
         344  -71.429290797167639        42.191740491710490       -29.237550305457148     
         345  -70.678637070230451        41.424522825891806       -29.254114244338645     
         346  -69.955095292653667        40.688446978363878       -29.266648314289789     
         347  -69.248631608702951        39.974947807108315       -29.273683801594636     
         348  -68.547573326247928        39.272844382590002       -29.274728943657927     
         349  -67.840840433583509        38.570378942455122       -29.270461491128387     
         350  -67.120223139010761        37.857563964594512       -29.262659174416250     
         351  -66.382043563111608        37.128261181880269       -29.253782381231339     
         352  -65.627652656307276        36.381319790579838       -29.246332865727439     
         353  -64.862676378110336        35.620420040058633       -29.242256338051703     
         354  -64.095415235314377        34.852807563368081       -29.242607671946296     
         355  -63.334996290104499        34.087478031406100       -29.247518258698399     
         356  -62.589748919007576        33.333385209445169       -29.256363709562407     
         357  -61.866027277165834        32.598020939382771       -29.268006337783063     
         358  -61.167520217431402        31.886481095628792       -29.281039121802610     
         359  -60.495027554540066        31.201010490341734       -29.294017064198332     
         360  -59.846697639734423        30.541007330204284       -29.305690309530139     
         361  -59.218738012424510        29.903496938877463       -29.315241073547046     
         362  -58.606554979642354        29.284074325402344       -29.322480654240010     
         363  -58.006123533366022        28.678207295868543       -29.327916237497480     
         364  -57.415210726120087        28.082604195220089       -29.332606530899998     
         365  -56.834035196316336        27.496213687053199       -29.337821509263136     
         366  -56.265149537560028        26.920502868519904       -29.344646669040124     
         367  -55.712681334283644        26.358970281651466       -29.353711052632178     
         368  -55.181318803448761        25.816189029746596       -29.365129773702165     
         369  -54.675428709092941        25.296807338950668       -29.378621370142273     
         370  -54.198513650238198        24.804820065145346       -29.393693585092851     
         371  -53.753018362750581        24.343210671020039       -29.409807691730542     
         372  -53.340384220724566        23.913901411692411       -29.426482809032155     
         373  -52.961231853745645        23.517889636750848       -29.443342216994797     
         374  -52.615580935946880        23.155460528826918       -29.460120407119962     
         375  -52.303055091747495        22.826405214437678       -29.476649877309818     
         376  -52.023049989358988        22.530209197595138       -29.492840791763850     
         377  -51.774860520446509        22.266199911743470       -29.508660608703039     
         378  -51.557771266114088        22.033654645628381       -29.524116620485707     
         379  -51.371117015753107        21.831874986401029       -29.539242029352078     
         380  -51.214319798014245        21.660234695809383       -29.554085102204862     
         381  -51.086907402505879        21.518206847168738       -29.568700555337141     
         382  -50.988516571051136        21.405374319839620       -29.583142251211516     
         383  -50.918882284211925        21.321425934644257       -29.597456349567668     
         384  -50.877813003873101        21.266138837741927       -29.611674166131174     
         385  -50.865150452819336        21.239346297243205       -29.625804155576130     
         386  -50.880711706730111        21.240888988848774       -29.639822717881337     
         387  -50.924211452306899        21.270547393390686       -29.653664058916213     
         388  -50.995163968376964        21.327953672272074       -29.667210296104891     
         389  -51.092768787587644        21.412484252367815       -29.680284535219830     
         390  -51.215792134964381        21.523140503161493       -29.692651631802889     
         391  -51.362467985135218        21.658435043393734       -29.704032941741485     
         392  -51.530454513558624        21.816313990432842       -29.714140523125781     
         393  -51.716885147306009        21.994154971371845       -29.722730175934164     
         394  -51.918536239989450        22.188875685021394       -29.729660554968056     
         395  -52.132090185903834        22.397157157454313       -29.734933028449522     
         396  -52.354419321985581        22.615732846942461       -29.738686475043121     
         397  -52.582788543244419        22.841647999897880       -29.741140543346539     
         398  -52.814898324725249        23.072390912591484       -29.742507412133765     
         399  -53.048743269233682        23.305843824631516       -29.742899444602166     
         400  -53.282291145915288        23.540050919591675       -29.742240226323613     
         401  -53.512970160746335        23.772805895700355       -29.740164265045980     
         402  -53.736927267597395        24.001030146524787       -29.735897121072608     
         403  -53.948056496527769        24.219908013282492       -29.728148483245278     
         404  -54.136936899237249        24.421831236974885       -29.715105662262363     
         405  -54.290051788975084        24.595398554135773       -29.694653234839311     
         406  -54.389896476356938        24.724971184297718       -29.664925292059220     
         407  -54.416633113422570        24.791465731227454       -29.625167382195116     
         408  -54.351564287618992        24.774935619064927       -29.576628668554065     
         409  -54.181773213048082        24.658821361045611       -29.522951852002471     
         410  -53.904233562271145        24.434649685769081       -29.469583876502064     
         411  -53.527434847148896        24.105160896126446       -29.422273951022451     
         412  -53.069654928004873        23.684255827427410       -29.385399100577462     
         413  -52.554767882476114        23.193776281589255       -29.360991600886859     
         414  -52.007522492512095        22.658730543712050       -29.348791948800045     
         415  -51.449942955275354        22.102946398649308       -29.346996556626046     
         416  -50.899478414062166        21.546328941618928       -29.353149472443238     
         417  -50.368653799265005        21.003840713692387       -29.364813085572617     
         418  -49.865627169165343        20.485701644724205       -29.379925524441138     
         419  -49.395111939158312        19.998199021615708       -29.396912917542604     
         420  -48.959321081119406        19.544658731556886       -29.414662349562519     
         421  -48.558772903642478        19.126334841361693       -29.432438062280784     
         422  -48.192914166239021        18.743125679021915       -29.449788487217106     
         423  -47.860573493648481        18.394108201285590       -29.466465292362891     
         424  -47.560278394287991        18.077917876525209       -29.482360517762782     
         425  -47.290471034034269        17.793010144919762       -29.497460889114507     
         426  -47.049652463254681        17.537836483797481       -29.511815979457200     
         427  -46.836477874233992        17.310961252392275       -29.525516621841717     
         428  -46.649819040438430        17.111138505834457       -29.538680534603973     
         429  -46.488805082053197        16.937362206778399       -29.551442875274798     
         430  -46.352849119264917        16.788898991360696       -29.563950127904221     
         431  -46.241665951178241        16.665309690136034       -29.576356261042207     
         432  -46.155284290100887        16.566463842539648       -29.588820447561240     
         433  -46.094055930310638        16.492550119628934       -29.601505810681704     
         434  -46.058663170090341        16.444084523867271       -29.614578646223070     
         435  -46.050124424067072        16.421917085121777       -29.628207338945295     
         436  -46.069795724075711        16.427236061345877       -29.642559662729834     
         437  -46.119361908376469        16.461565739376645       -29.657796168999823     
         438  -46.200804442009634        16.526748807442999       -29.674055634566635     
         439  -46.316320883550965        16.624895282303530       -29.691425601247435     
         440  -46.468150810246946        16.758264482978195       -29.709886327268752     
         441  -46.658230542724858        16.929020792620079       -29.729209750104779     
         442  -46.887552205117920        17.138764120568300       -29.748788084549620     
         443  -47.155051356521042        17.387683420751188       -29.767367935769855     
         444  -47.455840523997914        17.673139523816495       -29.782701000181419     
         445  -47.778784241499906        17.987536898508534       -29.791247342991372     
         446  -48.104045335558936        18.315700374206635       -29.788344961352301     
         447  -48.402520978647303        18.632938427986627       -29.769582550660676     
         448  -48.640294922374473        18.906478447352725       -29.733816475021747     
         449  -48.789720783623949        19.103347931959810       -29.686372851664139     
         450  -48.842528190601953        19.203825615679555       -29.638702574922398     
         451  -48.814987091389753        19.212139931011215       -29.602847160378538     
         452  -48.740355319614565        19.155074012876764       -29.585281306737802     
         453  -48.655232559938078        19.069682661983574       -29.585549897954504     
         454  -48.589327823429997        18.990227754531698       -29.599100068898299     
         455  -48.561734159020098        18.941292042730439       -29.620442116289659     
         456  -48.581302371348329        18.936657328805367       -29.644645042542962     
         457  -48.647968120985482        18.980552123980580       -29.667415997004902     
         458  -48.753393038852359        19.068756846525670       -29.684636192326689     
         459  -48.880894280868318        19.188775162054288       -29.692119118814031     
         460  -49.006016202546746        19.319762843950940       -29.686253358595806     
         461  -49.100056862395299        19.434183292911783       -29.665873569483516     
         462  -49.138054083934612        19.503549842105148       -29.634504241829465     
         463  -49.108824973469154        19.508272126042144       -29.600552847427011     
         464  -49.020489393841942        19.446619741034340       -29.573869652807602     
         465  -48.896916500424204        19.335879478643694       -29.561037021780511     
         466  -48.768121323369904        19.204708990576780       -29.563412332793124     
         467  -48.661512355431896        19.082932876692237       -29.578579478739659     
         468  -48.597695072994817        18.994887038198524       -29.602808034796293     
         469  -48.590112756957950        18.957473830040215       -29.632638926917735     
         470  -48.646330190890012        18.980960165984662       -29.665370024905350     
         471  -48.769417147706086        19.070475927294254       -29.698941220411832     
         472  -48.958874315528846        19.227196258989228       -29.731678056539618     
         473  -49.211180490399848        19.449032893491989       -29.762147596907859     
         474  -49.520309743823368        19.731103125938283       -29.789206617885085     
         475  -49.878468240301991        20.066344193698633       -29.812124046603358     
         476  -50.276768984327042        20.446324840432041       -29.830444143895001     
         477  -50.704889595850759        20.861603101460616       -29.843286494390142     
         478  -51.148801879837166        21.300502306032609       -29.848299573804557     
         479  -51.587015896526822        21.745870696796953       -29.841145199729869     
         480  -51.987756029279616        22.171273664893917       -29.816482364385699     
         481  -52.310586861082442        22.539846437433994       -29.770740423648448     
         482  -52.514888904028112        22.809203231239760       -29.705685672788352     
         483  -52.573493645043641        22.943199075754389       -29.630294569289251     
         484  -52.484505162946370        22.926041236855717       -29.558463926090653     
         485  -52.273376296391035        22.770158623709783       -29.503217672681252     
         486  -51.983745444319112        22.512171285769007       -29.471574158550105     
         487  -51.663354500817192        22.199939147988761       -29.463415352828431     
         488  -51.352641727621673        21.878903692388985       -29.473738035232689     
         489  -51.079122737025536        21.583499465022118       -29.495623272003417     
         490  -50.856441438192320        21.334218461935052       -29.522222976257268     
         491  -50.685819605599967        21.138173446011667       -29.547646159588300     
         492  -50.558505610940685        20.991162924844730       -29.567342686095955     
         493  -50.458984554908234        20.880474599243058       -29.578509955665176     
         494  -50.369172875838316        20.788571511314849       -29.580601364523467     
         495  -50.273257997211246        20.697756027337110       -29.575501969874136     
         496  -50.161679341441449        20.594901802505333       -29.566777538936115     
         497  -50.032247417256407        20.474274278491905       -29.557973138764503     
         498  -49.887636411306360        20.336768498832249       -29.550867912474111     
         499  -49.730791689916501        20.185936612574402       -29.544855077342099     
         500  -49.561153027376690        20.023333017364422       -29.537820010012268     
         501  -49.373768563084084        19.846029661684689       -29.527738901399395     
         502  -49.160887464082450        19.647282519597837       -29.513604944484612     
         503  -48.913435020149016        19.418577180283165       -29.494857839865851     
         504  -48.620334238560837        19.150139012667729       -29.470195225893107     
         505  -48.267091462582449        18.829329489779266       -29.437761972803184     
         506  -47.837617548590977        18.440188017215839       -29.397429531375138     
         507  -47.321060357790287        17.967874873445833       -29.353185484344454     
         508  -46.719800958094076        17.407118074555314       -29.312682883538763     
         509  -46.052008319849378        16.768425602006491       -29.283582717842886     
         510  -45.346374788327225        16.076537781899788       -29.269837006427437     
         511  -44.633198311987030        15.362347539279213       -29.270850772707817     
         512  -43.937464745524835        14.654277286879923       -29.283187458644910     
         513  -43.276172518981198        13.973446953505231       -29.302725565475967     
         514  -42.658872168612092        13.332899910303091       -29.325972258309001     
         515  -42.089550590521625        12.739081312029066       -29.350469278492561     
         516  -41.568595229976673        12.193896444399503       -29.374698785577170     
         517  -41.094329677570329        11.696497477237843       -29.397832200332488     
         518  -40.664053663130630        11.244564081342286       -29.419489581788344     
         519  -40.274685772128812        10.835125701479759       -29.439560070649051     
         520  -39.923132586517433        10.465049671198178       -29.458082915319252     
         521  -39.606484695046845        10.131310659182624       -29.475174035864221     
         522  -39.322109166250783        9.8311262091749736       -29.490982957075808     
         523  -39.067682938352007        9.5620142344723433       -29.505668703879664     
         524  -38.841194144440074        9.3218071067194455       -29.519387037720627     
         525  -38.640927195954760        9.1086429562864328       -29.532284239668328     
         526  -38.465440552647301        8.9209460299684977       -29.544494522678804     
         527  -38.313541953516783        8.7574026270526435       -29.556139326464141     
         528  -38.184263397163193        8.6169359469330775       -29.567327450230117     
         529  -38.076836652248943        8.4986812677717012       -29.578155384477242     
         530  -37.990669122793044        8.4019616947639779       -29.588707428029068     
         531  -37.925319233300165        8.3262639384932093       -29.599055294806956     
         532  -37.880469994434705        8.2712130164756950       -29.609256977959010     
         533  -37.855899010455978        8.2365443200682318       -29.619354690387745     
         534  -37.851442938578302        8.2220711481176849       -29.629371790460617     
         535  -37.866954477262652        8.2276456777583054       -29.639308799504349     
         536  -37.902250694075477        8.2531116716037580       -29.649139022471719     
         537  -37.957053483235981        8.2982484684754567       -29.658805014760524     
         538  -38.030926950221506        8.3627086695766426       -29.668218280644865     
         539  -38.123223270765060        8.4459572354155448       -29.677266035349515     
         540  -38.233057948522692        8.5472279210212410       -29.685830027501453     
         541  -38.359345043845387        8.6655231247521183       -29.693821919093267     
         542  -38.500926734854879        8.7996912436143351       -29.701235491240546     
         543  -38.656819942543954        8.9486133093835818       -29.708206633160373     
         544  -38.826568128156111        9.1115080859024236       -29.715060042253690     
         545  -39.010634094536506        9.2883189182312567       -29.722315176305251     
         546  -39.210725708554882        9.4800919401361217       -29.730633768418762     
         547  -39.429946489268389        9.6892283480604693       -29.740718141207921     
         548  -39.672720534561307        9.9195234478735106       -29.753197086687798     
         549  -39.944525611990514        10.175984193644851       -29.768541418345663     
         550  -40.251524183993418        10.464495435250040       -29.787028748743378     
         551  -40.600175937138886        10.791431794351029       -29.808744142787859     
         552  -40.996856523181634        11.163275188417813       -29.833581334763821     
         553  -41.447427806672273        11.586223733235309       -29.861204073436966     
         554  -41.956628641678996        12.065697663552617       -29.890930978126377     
         555  -42.527088742303057        12.605576256144825       -29.921512486158232     
         556  -43.157718972930155        13.206939231971434       -29.950779740958723     
         557  -43.841242989020799        13.866055702260184       -29.975187286760615     
         558  -44.560834807672791        14.571441239167807       -29.989393568504983     
         559  -45.286451867321773        15.300173201879328       -29.986278665442445     
         560  -45.972710584562428        16.014585460400614       -29.958125124161814     
         561  -46.561626214752188        16.661988714646778       -29.899637500105410     
         562  -46.993289975380208        17.181110715977923       -29.812179259402285     
         563  -47.222906320274852        17.516792193146550       -29.706114127128302     
         564  -47.235119684686872        17.637528089453845       -29.597591595233027     
         565  -47.045144923776462        17.544329507957034       -29.500815415819428     
         566  -46.686235913445564        17.264007906076028       -29.422228007369537     
         567  -46.194185617469749        16.833124521809840       -29.361061095659910     
         568  -45.599187120442195        16.285179932903056       -29.314007187539140     
         569  -44.926402974333328        15.647331703169082       -29.279071271164248     
         570  -44.199841823571163        14.943631203593711       -29.256210619977452     
         571  -43.444239298985387        14.198445990945190       -29.245793308040199     
         572  -42.683694530429705        13.436586340809935       -29.247108189619770     
         573  -41.938976392981452        12.680885830171846       -29.258090562809606     
         574  -41.225634360290421        11.949676854330265       -29.275957505960157     
         575  -40.553646425116604        11.255670420957507       -29.297976004159096     
         576  -39.928204102983322        10.606278015474203       -29.321926087509119     
         577  -39.350948590806858        10.004718781591311       -29.346229809215547     
         578  -38.821172964327502        9.4512904392206547       -29.369882525106846     
         579  -38.336778655169780        8.9444642028687245       -29.392314452301058     
         580  -37.894952482435521        8.4816985548109667       -29.413253927624552     
         581  -37.492608459612967        8.0599894858589298       -29.432618973754039     
         582  -37.126657108230262        7.6762166924470430       -29.450440415783220     
         583  -36.794158104279909        7.3273470795062403       -29.466811024773669     
         584  -36.492398282617522        7.0105447470845510       -29.481853535532970     
         585  -36.218924014053684        6.7232226025698489       -29.495701411483836     
         586  -35.971546962163821        6.4630591241005009       -29.508487838063321     
         587  -35.748335228017233        6.2279953713309544       -29.520339856686277     
         588  -35.547597252659088        6.0162216309080465       -29.531375621751042     
         589  -35.367862876273392        5.8261593751723453       -29.541703501101047     
         590  -35.207864095929523        5.6564418696004433       -29.551422226329080     
         591  -35.066516926558812        5.5058953160481980       -29.560621610510616     
         592  -34.942905087784091        5.3735215412425159       -29.569383546541573     
         593  -34.836265840718525        5.2584827202667546       -29.577783120451770     
         594  -34.745978074580009        5.1600883264173323       -29.585889748162678     
         595  -34.671552624134854        5.0777843354583538       -29.593768288676500     
         596  -34.612624742355955        5.0111446297656190       -29.601480112590338     
         597  -34.568948630723973        4.9598645119458018       -29.609084118778171     
         598  -34.540393923934815        4.9237562260930536       -29.616637697841760     
         599  -34.526944022626104        4.9027463824159216       -29.624197640210184     
         600  -34.528696154383269        4.8968751747906314       -29.631820979592639     
         601  -34.545863004703776        4.9062972575403743       -29.639565747163402     
         602  -34.578775674452594        4.9312840899277832       -29.647491584524811     
         603  -34.627887555383765        4.9722274382248353       -29.655660117158931     
         604  -34.693778416873961        5.0296435039360654       -29.664134912937897     
         605  -34.777157477869807        5.1041767548137997       -29.672980723056007     
         606  -34.878863357354930        5.1966018623498984       -29.682261495005033     
         607  -34.999857331364495        5.3078210185251455       -29.692036312839349     
         608  -35.141203934115374        5.4388520393797277       -29.702351894735646     
         609  -35.304029139638985        5.5907996521184238       -29.713229487520561     
         610  -35.489440550902948        5.7647976494240067       -29.724642901478941     
         611  -35.698385738055279        5.9619025801473899       -29.736483157907891     
         612  -35.931414580720933        6.1829101344613777       -29.748504446259556     
         613  -36.188302727961258        6.4280549027787863       -29.760247825182471     
         614  -36.467497274823224        6.6965491648074700       -29.770948110015752     
         615  -36.765388478927377        6.9859341972812699       -29.779454281646107     
         616  -37.075537313652049        7.2912940252260130       -29.784243288426037     
         617  -37.388236170746445        7.6045661265312239       -29.783670044215221     
         618  -37.691081540923427        7.9144848320799150       -29.776596708843513     
         619  -37.971258954967610        8.2079320413777364       -29.763326913589871     
         620  -38.219455712299848        8.4731596217419494       -29.746296090557898     
         621  -38.433784769557164        8.7040777755508074       -29.729706994006357     
         622  -38.621277142295014        8.9033073860973246       -29.717969756197689     
         623  -38.795888274278042        9.0818880124059191       -29.714000261872123     
         624  -38.974478939822681        9.2558918259994236       -29.718587113823258     
         625  -39.173197272060193        9.4422712381180762       -29.730926033942119     
         626  -39.405582530380805        9.6560271710437213       -29.749555359337084     
         627  -39.682249329074423        9.9092019619066267       -29.773047367167798     
         628  -40.011397305974299        10.211098760738123       -29.800298545236174     
         629  -40.399488953329374        10.568954880042657       -29.830534073286717     
         630  -40.851721636305840        10.988555842862919       -29.863165793442921     
         631  -41.372109832483240        11.474533096103842       -29.897576736379399     
         632  -41.963050959453476        12.030207891346885       -29.932843068106592     
         633  -42.624218000455777        12.656848686106230       -29.967369314349547     
         634  -43.350564470533072        13.352155342923163       -29.998409127609911     
         635  -44.129228953448909        14.107737770155211       -30.021491183293698     
         636  -44.935354392269481        14.905436900904100       -30.029917491365381     
         637  -45.727576297108740        15.712768486990763       -30.014807810117979     
         638  -46.445440177280069        16.478876629617496       -29.966563547662574     
         639  -47.012850812792927        17.134231018006695       -29.878619794786232     
         640  -47.351641489134749        17.598718261722620       -29.752923227412129     
         641  -47.404174416680142        17.800592081155198       -29.603582335524944     
         642  -47.154577618148188        17.700644762311203       -29.453932855836985     
         643  -46.634635765530639        17.307547190197688       -29.327088575332951     
         644  -45.910294338229107        16.673425501052201       -29.236868837176907     
         645  -45.058817995647985        15.873452098142664       -29.185365897505321     
         646  -44.149824598780313        14.983304499527952       -29.166520099252359     
         647  -43.236079272392452        14.064872697924658       -29.171206574467796     
         648  -42.352490619902902        13.161728756875108       -29.190761863027795     
         649  -41.519282151206902        12.300814492592352       -29.218467658614550     
         650  -40.746203538258321        11.496487765989180       -29.249715772269141     
         651  -40.036233751782802        10.754615476092157       -29.281618275690647     
         652  -39.388324471877233        10.075814303604837       -29.312510168272397     
         653  -38.799244024872493        9.4577173640479959       -29.341526660824499     
         654  -38.264737885320649        8.8964415504450436       -29.368296334875605     
         655  -37.780221026987242        8.3874845944687593       -29.392736432518483     
         656  -37.341168793887796        7.9262454810043854       -29.414923312883410     
         657  -36.943321684761017        7.5083081204523809       -29.435013564308637     
         658  -36.582779184102115        7.1295816217745029       -29.453197562327613     
         659  -36.256029726911272        6.7863565905987153       -29.469673136312558     
         660  -35.959945526058235        6.4753141286078764       -29.484631397450357     
         661  -35.691759404064996        6.1935096417017723       -29.498249762363223     
         662  -35.449033626388321        5.9383444943828350       -29.510689132005485     
         663  -35.229626401083806        5.7075330082568092       -29.522093392826996     
         664  -35.031659120281958        5.4990689695461494       -29.532590150735807     
         665  -34.853485894370102        5.3111938336159410       -29.542292060754161     
         666  -34.693666049380710        5.1423676614925524       -29.551298387888156     
         667  -34.550939763862722        4.9912431662979921       -29.559696597564731     
         668  -34.424206756555577        4.8566428863343587       -29.567563870221218     
         669  -34.312507805625536        4.7375393149386742       -29.574968490686864     
         670  -34.215008827004262        4.6330377320583640       -29.581971094945899     
         671  -34.130987229399160        4.5423614549313474       -29.588625774467815     
         672  -34.059820276630759        4.4648392292076977       -29.594981047423062     
         673  -34.000975212300354        4.3998945019721205       -29.601080710328233     
         674  -33.954000930653677        4.3470363455393741       -29.606964585114305     
         675  -33.918521007166092        4.3058518306038316       -29.612669176562260     
         676  -33.894227930904641        4.2759996766520159       -29.618228254252625     
         677  -33.880878407255310        4.2572050351847217       -29.623673372070588     
         678  -33.878289623878715        4.2492552867313425       -29.629034337147374     
         679  -33.886336394858212        4.2519967558169283       -29.634339639041283     
         680  -33.904949118199660        4.2653322691572901       -29.639616849042369     
         681  -33.934112500499914        4.2892195017382617       -29.644892998761652     
         682  -33.973865020134241        4.3236700734785147       -29.650194946655727     
         683  -34.024299117158641        4.3687493763094389       -29.655549740849203     
         684  -34.085562114727850        4.4245771281738531       -29.660984986553999     
         685  -34.157857893649684        4.4913286670995634       -29.666529226550121     
         686  -34.241449359191229        4.5692370156028295       -29.672212343588399     
         687  -34.336661757889281        4.6585957636856570       -29.678065994203624     
         688  -34.443886922360512        4.7597628380770631       -29.684124084283450     
         689  -34.563588544392090        4.8731652465879680       -29.690423297804124     
         690  -34.696308601295641        4.9993049099180640       -29.697003691377578     
         691  -34.842675087843361        5.1387657192839384       -29.703909368559422     
         692  -35.003411235989830        5.2922219869300200       -29.711189249059810     
         693  -35.179346436354216        5.4604484876188062       -29.718897948735410     
         694  -35.371429107385353        5.6443323214829793       -29.727096785902376     
         695  -35.580741786688236        5.8448868596821200       -29.735854927006116     
         696  -35.808518737345757        6.0632680592255248       -29.745250678120232     
         697  -36.056166357803335        6.3007934429498267       -29.755372914853510     
         698  -36.325286634944177        6.5589640185282478       -29.766322616415930     
         699  -36.617703747817771        6.8394893275729070       -29.778214420244865     
         700  -36.935493647374024        7.1443156220079373       -29.791178025366087     
         701  -37.281015890790364        7.4756567730620427       -29.805359117728322     
         702  -37.656946001398218        7.8360267794655902       -29.820919221932627     
         703  -38.066304823330839        8.2282714015835179       -29.838033421747319     
         704  -38.512478181650700        8.6555940766241832       -29.856884105026516     
         705  -38.999214709468085        9.1215671447061553       -29.877647564761929     
         706  -39.530580448426278        9.6301123476763522       -29.900468100749926     
         707  -40.110833420821550        10.185422657646978       -29.925410763174572     
         708  -40.744156487170258        10.791777910693916       -29.952378576476342     
         709  -41.434148640686267        11.453175722692329       -29.980972917993938     
         710  -42.182921840106829        12.172653336142172       -30.010268503964657     
         711  -42.989591662558183        12.951117107057460       -30.038474555500724     
         712  -43.847926764063281        13.785444807594175       -30.062481956469107     
         713  -44.743049251510818        14.665652068524516       -30.077397182986303     
         714  -45.647587823525441        15.571187932466955       -30.076399891058486     
         715  -46.518855079049288        16.467232048313740       -30.051623030735549     
         716  -47.300283269058859        17.303387029765588       -29.996896239293271     
         717  -47.930877520967137        18.018661808202975       -29.912215712764162     
         718  -48.362743183807268        18.555517165636882       -29.807226018170386     
         719  -48.578641693351727        18.879286225597340       -29.699355467754387     
         720  -48.597216281482048        18.991239668558496       -29.605976612923552     
         721  -48.461622439204739        18.925038470300052       -29.536583968904687     
         722  -48.220560964290918        18.729484924149354       -29.491076040141564     
         723  -47.913964711077682        18.450392927632350       -29.463571783445332     
         724  -47.568172389595347        18.120989399084742       -29.447182990510605     
         725  -47.197902713068714        17.761231392823390       -29.436671320245324     
         726  -46.810141078460987        17.381436275182729       -29.428704803278258     
         727  -46.406696868635834        16.985786012109418       -29.420910856526415     
         728  -45.985158333697562        16.573882317599843       -29.411276016097720     
         729  -45.540476968487987        16.141543576870617       -29.398933391617369     
         730  -45.069363278629289        15.683647915239447       -29.385715363389842     
         731  -44.575843368195379        15.199803483863391       -29.376039884331988     
         732  -44.072793008262309        14.698739049314218       -29.374053958948089     
         733  -43.577452522100558        14.196574625377293       -29.380877896723263     
         734  -43.105162703462788        13.710479553037796       -29.394683150424992     
         735  -42.665921383919866        13.253377702248596       -29.412543681671270     
         736  -42.264299641079049        12.832386546145143       -29.431913094933904     
         737  -41.900959130395563        12.449842234546120       -29.451116895849445     
         738  -41.574305773633235        12.105043042878679       -29.469262730754558     
         739  -41.281715452993424        11.795724047516691       -29.485991405476732     
         740  -41.020291428117019        11.519035117956181       -29.501256310160841     
         741  -40.787275194033263        11.272103184184614       -29.515172009848648     
         742  -40.580236896235135        11.052315384704373       -29.527921511530764     
         743  -40.397136746633876        10.857433323603987       -29.539703423029891     
         744  -40.236316218761395        10.685612119803196       -29.550704098958199     
         745  -40.096455000730352        10.535370101646533       -29.561084899083816     
         746  -39.976515108477429        10.405536774357209       -29.570978334120220     
         747  -39.875684386268617        10.295195210037900       -29.580489176230717     
         748  -39.793325805188445        10.203627762524896       -29.589698042663549     
         749  -39.728935295178687        10.130269406611450       -29.598665888567236     
         750  -39.682108602534797        10.074670127789975       -29.607438474744821     
         751  -39.652516404170207        10.036466094797229       -29.616050309372980     
         752  -39.639886315064444        10.015358462929433       -29.624527852135010     
         753  -39.643990257055279        10.011098307611007       -29.632891949444272     
         754  -39.664635736849917        10.023476167679394       -29.641159569170522     
         755  -39.701659782600942        10.052314834926396       -29.649344947674546     
         756  -39.754924529895391        10.097464258023749       -29.657460271871642     
         757  -39.824313682717978        10.158797672370779       -29.665516010347197     
         758  -39.909729281075670        10.236208289833435       -29.673520991242235     
         759  -40.011088379097721        10.329606071422463       -29.681482307675260     
         760  -40.128319379916547        10.438914262048762       -29.689405117867786     
         761  -40.261357896106396        10.564065497167100       -29.697292398939297     
         762  -40.410142118953964        10.704997407559514       -29.705144711394450     
         763  -40.574607799127932        10.861647763346699       -29.712960035781233     
         764  -40.754683077747892        11.033949324288335       -29.720733753459555     
         765  -40.950283571184357        11.221824712314163       -29.728458858870194     
         766  -41.161308312712400        11.425181803505311       -29.736126509207089     
         767  -41.387637391326493        11.643910355647737       -29.743727035678756     
         768  -41.629132395532011        11.877880842067009       -29.751251553465003     
         769  -41.885641047564683        12.126946739786113       -29.758694307778569     
         770  -42.157007663936135        12.390951791923916       -29.766055872012217     
         771  -42.443091244878396        12.669743983769541       -29.773347261108853     
         772  -42.743793004663353        12.963198073130119       -29.780594931533233     
         773  -43.059094926508273        13.271248418949549       -29.787846507558726     
         774  -43.389110392590027        13.593933479837133       -29.795176912752893     
         775  -43.734147076799495        13.931452654655926       -29.802694422143567     
         776  -44.094781145133226        14.284235118368709       -29.810546026764516     
         777  -44.471940531659001        14.653019064134865       -29.818921467524135     
         778  -44.866993878778558        15.038938491192232       -29.828055387586325     
         779  -45.281840908699436        15.443613637610847       -29.838227271088591     
         780  -45.718999698929458        15.869240586526358       -29.849759112403099     
         781  -46.181686478519950        16.318675546003401       -29.863010932516548     
         782  -46.673883577185045        16.795509527446146       -29.878374049738898     
         783  -47.200389716320593        17.304128732792201       -29.896260983528393     
         784  -47.766841371874797        17.849753061549858       -29.917088310324939     
         785  -48.379679801595984        18.438436345204323       -29.941243456391661     
         786  -49.046007155353578        19.076991018248538       -29.969016137105040     
         787  -49.773212735303943        19.772755988344986       -30.000456746958957     
         788  -50.568137772223864        20.533042001990129       -30.035095770233735     
         789  -51.435379008628324        21.363945400552822       -30.071433608075502     
         790  -52.374204608647538        22.268040501889924       -30.106164106757614     
         791  -53.373914218457216        23.240457562029974       -30.133456656427242     
         792  -54.409365534751217        24.263768395853411       -30.145597138897806     
         793  -55.442213196929899        25.305141808555195       -30.137071388374704     
         794  -56.433842888563184        26.322992603602522       -30.110850284960662     
         795  -57.363028926197750        27.285125362771467       -30.077903563426283     
         796  -58.227220612040490        28.181520325984565       -30.045700286055926     
         797  -59.023162308653220        29.013136806761445       -30.010025501891775     
         798  -59.729754734721581        29.769222091730157       -29.960532642991424     
         799  -60.310779160911842        30.419100328276631       -29.891678832635211     
         800  -60.733884303566320        30.924920036968512       -29.808964266597808     
         801  -60.990879620760339        31.263934213455027       -29.726945407305312     
         802  -61.104841945484921        31.443891912362773       -29.660950033122148     
         803  -61.119891544884439        31.501050691190542       -29.618840853693897     
         804  -61.081222089018695        31.483412870497105       -29.597809218521590     
         805  -61.014768310245053        31.429522138146751       -29.585246172098302     
         806  -60.910595684444864        31.349627816196811       -29.560967868248053     
         807  -60.715399604394868        31.211923024337263       -29.503476580057605     
         808  -60.351195998134180        30.944531812380035       -29.406664185754146     
         809  -59.769872935020203        30.473858750040101       -29.296014184980102     
         810  -58.999042165673934        29.786835315009711       -29.212206850664224     
         811  -58.122196415585989        28.947530249746542       -29.174666165839447     
         812  -57.223492606726268        28.047791779775636       -29.175700826950631     
         813  -56.358238236057481        27.158974092525117       -29.199264143532364     
         814  -55.554329661124321        26.321106984014001       -29.233222677110319     
         815  -54.823018870221603        25.552088308752314       -29.270930561469289     
         816  -54.167320420086796        24.858054028615108       -29.309266391471688     
         817  -53.586567585710327        24.239700719243867       -29.346866866466460     
         818  -53.078524639923053        23.695368770949059       -29.383155868973994     
         819  -52.640313485347946        23.222409957208608       -29.417903528139338     
         820  -52.268831493043912        22.817789716206132       -29.451041776837780     
         821  -51.960957324989003        22.478371413803039       -29.482585911185964     
         822  -51.713660612422863        22.201064285828316       -29.512596326594547     
         823  -51.524059168692489        21.982903324158251       -29.541155844534238     
         824  -51.389442909927247        21.821087967732826       -29.568354942194421     
         825  -51.307277295611314        21.712994024955705       -29.594283270655609     
         826  -51.275198681278830        21.656171032130885       -29.619027649147945     
         827  -51.291014529785052        21.648337858442456       -29.642676671342596     
         828  -51.352720007531985        21.687389398813448       -29.665330608718538     
         829  -51.458536088898249        21.771423823306289       -29.687112265591960     
         830  -51.606959925412028        21.898789896882281       -29.708170028529747     
         831  -51.796794960001719        22.068134885537226       -29.728660074464493     
         832  -52.027100738357660        22.278406678302286       -29.748694060055374     
         833  -52.296985199246414        22.528737862691969       -29.768247336554445     
         834  -52.605184600745183        22.818135756271122       -29.787048844474061     
         835  -52.949484286453988        23.144958825657422       -29.804525460796565     
         836  -53.326269515540289        23.506328555967357       -29.819940959572932     
         837  -53.730794610429527        23.897922804072742       -29.832871806356785     
         838  -54.158759707725054        24.314837328367574       -29.843922379357480     
         839  -54.608952083484638        24.753852673843689       -29.855099409640950     
         840  -55.085344455099360        25.216156775399092       -29.869187679700268     
         841  -55.596886643533587        25.708474815870574       -29.888411827663013     
         842  -56.155092863535991        26.241541830894349       -29.913551032641642     
         843  -56.771235218807874        26.827154720655706       -29.944080498152168     
         844  -57.454581938075066        27.475765319991520       -29.978816618083545     
         845  -58.211749741028640        28.195356965075064       -30.016392775953577     
         846  -59.046506555759876        28.991143603064234       -30.055362952695642     
         847  -59.959413974202405        29.865367848045977       -30.094046126156428     
         848  -60.947019254848762        30.816738918447115       -30.130280336401647     
         849  -62.000629985816893        31.839386299284218       -30.161243686532675     
         850  -63.105053026465320        32.921527250233808       -30.183525776231512     
         851  -64.238105096814721        34.044434043399150       -30.193671053415571     
         852  -65.372058091620744        35.182723935105173       -30.189334156515571     
         853  -66.477991052332641        36.307172462239805       -30.170818590092836     
         854  -67.532733652095644        37.390565817854636       -30.142167834241008     
         855  -68.525985202190014        38.415254888239424       -30.110730313950590     
         856  -69.464039544312143        39.379092586787891       -30.084946957524252     
         857  -70.368072333478153        40.296509789054930       -30.071562544423223     
         858  -71.268090793750247        41.194253188359788       -30.073837605390459     
         859  -72.195177399932959        42.104106360605684       -30.091071039327275     
         860  -73.173541527885419        43.054940140460410       -30.118601387425009     
         861  -74.212844792013954        44.064777549565505       -30.148067242448448     
         862  -75.303101069511229        45.133745419430831       -30.169355650080398     
         863  -76.418183649995981        46.242120897959644       -30.176062752036337     
         864  -77.533714461794176        47.360677406687230       -30.173037055106946     
         865  -78.653360279855264        48.475319100807255       -30.178041179048009     
         866  -79.818589588277121        49.610165020134140       -30.208424568142981     
         867  -81.074228616479687        50.818226884892589       -30.256001731587098     
         868  -82.387794437559791        52.121155955434624       -30.266638482125167     
         869  -83.564554778678257        53.414935463635828       -30.149619315042429     
         870  -84.266984196496608        54.414014789376800       -29.852969407119808     
         871  -84.228703850079839        54.769564764824217       -29.459139085255622     
         872  -83.460621624022693        54.341041669194880       -29.119579954827813     
         873  -82.178331536413552        53.273487439820016       -28.904844096593536     
         874  -80.623798746484269        51.817532428021259       -28.806266318463010     
         875  -78.987909390879466        50.194576372962040       -28.793333017917426     
         876  -77.394744229648083        48.563407045177193       -28.831337184470890     
         877  -75.901672982308227        47.013953613596321       -28.887719368711906     
         878  -74.512924389352335        45.573901411247149       -28.939022978105186     
         879  -73.203074832883004        44.228446241309634       -28.974628591573371     
         880  -71.942354043931118        42.946190291220127       -28.996163752710991     
         881  -70.714535058456647        41.702240058216567       -29.012295000240080     
         882  -69.520752341198744        40.489546111590847       -29.031206229607896     
         883  -68.371540816107881        39.315664042861954       -29.055876773245927     
         884  -67.276406356302459        38.191990946558953       -29.084415409743507     
         885  -66.238059247458011        37.125047394020889       -29.113011853437122     
         886  -65.252197458245647        36.113737268164691       -29.138460190080956     
         887  -64.310349898707756        35.151115403922468       -29.159234494785288     
         888  -63.403294782512781        34.227825819437577       -29.175468963075204     
         889  -62.523666171652820        33.335249563736831       -29.188416607915990     
         890  -61.667270196051298        32.467490446158010       -29.199779749893288     
         891  -60.833181315734393        31.622041964573516       -29.211139351160877     
         892  -60.022986739064329        30.799387416108672       -29.223599322955657     
         893  -59.239650416826549        30.001981262455907       -29.237669154370643     
         894  -58.486410004071203        29.233075334825809       -29.253334669245394     
         895  -57.765966329160506        28.495734831485620       -29.270231497674885     
         896  -57.080057014852230        27.792216487266266       -29.287840527585963     
         897  -56.429380230577706        27.123729002686929       -29.305651227890777     
         898  -55.813766796587146        26.490499255233221       -29.323267541353925     
         899  -55.232478747096451        25.892026265215765       -29.340452481880686     
         900  -54.684524182299526        25.327402860225568       -29.357121322073958     
         901  -54.168909621387058        24.795608170179747       -29.373301451207311     
         902  -53.684791887333006        24.295711948012464       -29.389079939320542     
         903  -53.231530428040692        23.826973530089660       -29.404556897951032     
         904  -52.808667293483452        23.388852229948895       -29.419815063534557     
         905  -52.415870891446630        22.980963629550867       -29.434907261895763     
         906  -52.052874101037091        22.603016819685344       -29.449857281351747     
         907  -51.719424977860903        22.254757316469142       -29.464667661391761     
         908  -51.415256341241992        21.935927326808930       -29.479329014433063     
         909  -51.140072720152212        21.646244912974442       -29.493827807177770     
         910  -50.893549778244235        21.385398211009232       -29.508151567235004     
         911  -50.675341023585773        21.153049333149514       -29.522291690436258     
         912  -50.485087702504750        20.948843218130300       -29.536244484374450     
         913  -50.322429155734710        20.772418058631118       -29.550011097103592     
         914  -50.187012045041598        20.623415229696310       -29.563596815345289     
         915  -50.078497603923779        20.501487573226928       -29.577010030696851     
         916  -49.996566478615264        20.406305450872271       -29.590261027742994     
         917  -49.940920908477040        20.337560254258381       -29.603360654218658     
         918  -49.911284039484592        20.294965160045106       -29.616318879439486     
         919  -49.907396134199523        20.278252915163979       -29.629143219035544     
         920  -49.929007375233027        20.287170383942772       -29.641836991290255     
         921  -49.975866881248962        20.321469513273442       -29.654397367975520     
         922  -50.047707485088210        20.380894295071496       -29.666813190016715     
         923  -50.144225786878025        20.465163247775678       -29.679062539102347     
         924  -50.265057026975562        20.573946929455637       -29.691110097519925     
         925  -50.409744479010612        20.706840078508773       -29.702904400501840     
         926  -50.577703421857848        20.863328220378506       -29.714375201479342     
         927  -50.768180419066866        21.042749074088118       -29.725431344978748     
         928  -50.980209746652420        21.244249962294383       -29.735959784358037     
         929  -51.212570498834623        21.466743811011916       -29.745826687822706     
         930  -51.463750251320718        21.708868340487189       -29.754881910833529     
         931  -51.731924116656941        21.968955729442811       -29.762968387214130     
         932  -52.014961250554592        22.245023209334366       -29.769938041220225     
         933  -52.310473591054595        22.534798182599875       -29.775675408454720     
         934  -52.615922534738708        22.835793526533244       -29.780129008205463     
         935  -52.928796669257579        23.145448193914525       -29.783348475343054     
         936  -53.246865989299309        23.461343281250059       -29.785522708049250     
         937  -53.568504707756119        23.781493164775473       -29.787011542980647     
         938  -53.893057580668916        24.104695548301226       -29.788362032367690     
         939  -54.221208244433726        24.430906514039808       -29.790301730393917     
         940  -54.555299128411448        24.761592883503940       -29.793706244907508     
         941  -54.899557101651013        25.100011306774096       -29.799545794876916     
         942  -55.260198933823489        25.451375949695777       -29.808822984127712     
         943  -55.645421314899686        25.822903145733502       -29.822518169166184     
         944  -56.065311950178447        26.223754312729607       -29.841557637448840     
         945  -56.531740898516752        26.664927049533276       -29.866813848983476     
         946  -57.058298788362883        27.159159886463058       -29.899138901899825     
         947  -57.660340787388265        27.720915642340795       -29.939425145047469     
         948  -58.355176051082914        28.366494239325981       -29.988681811756933     
         949  -59.162414653390073        29.114302351635502       -30.048112301754571     
         950  -60.104443509674873        29.985274728427999       -30.119168781246874     
         951  -61.206930836855733        31.003390395790007       -30.203540441065726     
         952  -62.499109563532102        32.196126615502742       -30.302982948029360     
         953  -64.013267659139871        33.594478273814673       -30.418789385325198     
         954  -65.782195283915144        35.231706735816580       -30.550488548098564     
         955  -67.832029468543254        37.139033645306732       -30.692995823236522     
         956  -70.165879615514982        39.334779350604023       -30.831100264910958     
         957  -72.732138899387863        41.801218770721569       -30.930920128666294     
         958  -75.376724664400683        44.443759210273193       -30.932965454127491     
         959  -77.803511743162616        47.040079046880372       -30.763432696282244     
         960  -79.610093553913174        49.224789472051938       -30.385304081861236     
         961  -80.460368085080319        50.590693972592135       -29.869674112488184     
         962  -80.306887568181125        50.918562788696001       -29.388324779485124     
         963  -79.410524527091653        50.338007576653425       -29.072516950438228     
         964  -78.104378879939460        49.191626704588437       -28.912752175351024     
         965  -76.591423746078775        47.763111112220294       -28.828312633858481     
         966  -74.944461865404193        46.176821275017751       -28.767640590386442     
         967  -73.201261781886643        44.473274868212194       -28.727986913674449     
         968  -71.416510240544596        42.697211079284131       -28.719299161260466     
         969  -69.648332496669866        40.910445511275491       -28.737886985394375     
         970  -67.935734262641816        39.163679029441390       -28.772055233200426     
         971  -66.300799022869967        37.485423813589264       -28.815375209280703     
         972  -64.762486903393395        35.894240636717498       -28.868246266675897     
         973  -63.341879313471779        34.410309722259520       -28.931569591212259     
         974  -62.057218247365782        33.054449734583400       -29.002768512782382     
         975  -60.917728454625134        31.841094221661873       -29.076634232963261     
         976  -59.921550089820890        30.773884710388835       -29.147665379432055     
         977  -59.057124939488880        29.845703959944363       -29.211420979544517     
         978  -58.305707486008693        29.040955636242522       -29.264751849766171     
         979  -57.643687489044808        28.338087689315010       -29.305599799729798     
         980  -57.044579653764202        27.711714271999167       -29.332865381765036     
         981  -56.481056819460441        27.134559566380666       -29.346497253079775     
         982  -55.927357013791024        26.579650047487348       -29.347706966303676     
         983  -55.361998761982335        26.022925035832579       -29.339073726149756     
         984  -54.770248734077995        25.445945086346562       -29.324303647731433     
         985  -54.145534426127426        24.837953334495896       -29.307581091631530     
         986  -53.489234258445734        24.196520632413456       -29.292713626032278     
         987  -52.808917740043576        23.526492274241999       -29.282425465801577     
         988  -52.115722288175085        22.837658353449633       -29.278063934725452     
         989  -51.421749396474851        22.142011621086596       -29.279737775388256     
         990  -50.738113888578638        21.451403615010463       -29.286710273568175     
         991  -50.073855860469308        20.776022920045669       -29.297832940423639     
         992  -49.435596008032178        20.123712955729864       -29.311883052302314     
         993  -48.827677914081960        19.499912648753043       -29.327765265328917     
         994  -48.252550462124979        18.907952241024777       -29.344598221100203     
         995  -47.711216300588326        18.349489584568612       -29.361726716019714     
         996  -47.203649036856703        17.824953280162198       -29.378695756694505     
         997  -46.729138101886797        17.333927185127294       -29.395210916759503     
         998  -46.286553422291185        16.875455010496488       -29.411098411794697     
         999  -45.874538041377640        16.448267239996273       -29.426270801381367     
