0.5954419594841613 0.7451009316485984 0.2977209797420807 0.3725504658242992 0.2264111439346411
0.05452309261409642 0.9668187418948437 0.02726154630704821 0.4834093709474219 0.8876722920811896
0.009322636245723093 0.04489979241621515 0.004661318122861547 0.02244989620810758 0.1581481179836128
0.7967356608024384 0.2383684696545269 0.3983678304012192 0.1191842348272635 0.8407533951490559
0.9055119237299057 0.6906421794777057 0.4527559618649529 0.3453210897388528 0.9323137448386557
0.5955990100423375 0.1853768687914757 0.2977995050211688 0.09268843439573785 0.2405363111487106
0.8734557291490045 0.8012145139362004 0.4367278645745022 0.4006072569681002 0.344315028375078
0.5738888682121841 0.2665776968873727 0.2869444341060921 0.1332888484436864 0.9331790894721463
0.3400244048828457 0.8442313481843422 0.1700122024414229 0.4221156740921711 0.4667230877663632
0.4520120219573058 0.8887791697774108 0.2260060109786529 0.4443895848887054 0.4607683269346105
0.6679640164512366 0.7123472536888478 0.3339820082256183 0.3561736268444239 0.5029611333236368
0.5788627068336769 0.125109834641024 0.2894313534168385 0.06255491732051202 0.8937718165750974
0.4949613977173501 0.6015888302755914 0.247480698858675 0.3007944151377957 0.6739081147449824
0.2087721736547447 0.9141929870878958 0.1043860868273724 0.4570964935439479 0.1998053338395984
0.9463723646854513 0.2309594394666941 0.4731861823427256 0.1154797197333471 0.6629246017787593
0.7929090719754276 0.5240577388382164 0.3964545359877138 0.2620288694191082 0.05384758647418535
0.2385286747529998 0.6535500320952145 0.1192643373764999 0.3267750160476072 0.4012453659581742
0.5024099873920085 0.4630613816162931 0.2512049936960042 0.2315306908081466 0.3403330212066805
0.6587778703365406 0.03499655986854237 0.3293889351682703 0.01749827993427119 0.02010848499080558
0.9192742687426761 0.2081366566611393 0.4596371343713381 0.1040683283305696 0.191754365619173
0.602156971402228 0.4194824940255183 0.301078485701114 0.2097412470127592 0.5891532295870623
0.1540875547707301 0.7624940979998557 0.07704377738536503 0.3812470489999278 0.9358806822076129
0.8584399108367917 0.6622887161252972 0.4292199554183959 0.3311443580626486 0.5408355037875761
0.9358504033963024 0.108529634783528 0.4679252016981512 0.054264817391764 0.558699150474286
0.3600639699479659 0.8458318507640715 0.180031984973983 0.4229159253820358 0.9564548875887934
0.6643282364090718 0.2837069962086793 0.3321641182045359 0.1418534981043396 0.284774720292262
0.3446052184193986 0.5046962295490921 0.1723026092096993 0.2523481147745461 0.314301722493493
0.01023185955867483 0.2727069569962907 0.005115929779337414 0.1363534784981454 0.9609545296522666
0.02156744542912386 0.3821439810676335 0.01078372271456193 0.1910719905338168 0.8804393893890616
0.9170982256940277 0.6549447251484145 0.4585491128470138 0.3274723625742073 0.3859600162382429
0.9341291812924853 0.3961569900393545 0.4670645906462427 0.1980784950196773 0.9362064218948805
0.6161453582853331 0.7897795772707982 0.3080726791426666 0.3948897886353991 0.7693524646130441
0.2523587516924267 0.02599866539581968 0.1261793758462133 0.01299933269790984 0.9524649774969683
0.2476038335541867 0.723743843616143 0.1238019167770934 0.3618719218080715 0.1288563065078854
0.3920083158086128 0.7980377387636381 0.1960041579043064 0.3990188693818191 0.153633235818077
0.2652180907932605 0.01896509473111279 0.1326090453966302 0.009482547365556393 0.7266051583561043
0.5123000860932109 0.9969615411685087 0.2561500430466054 0.4984807705842543 0.3152968096911909
0.4769177457743669 0.3096981522843942 0.2384588728871835 0.1548490761421971 0.01772748599782796
0.555300253105626 0.540969115298722 0.277650126552813 0.270484557649361 0.2056365113646049
0.8286371192389165 0.7362105336532014 0.4143185596194582 0.3681052668266007 0.6912016418060025
0.1161604138096214 0.3681079731377528 0.05808020690481071 0.1840539865688764 0.8291649794168131
0.4101700196081093 0.6567522303398547 0.2050850098040547 0.3283761151699274 0.2361611658982796
0.2023551260633838 0.0346167096867606 0.1011775630316919 0.0173083548433803 0.9370573978655751
0.08822287159339119 0.3644676222847138 0.0441114357966956 0.1822338111423569 0.8088306528339737
0.804695628549627 0.5201694477824489 0.4023478142748135 0.2600847238912244 0.2352256250866725
0.6472878178557432 0.3233008588024553 0.3236439089278716 0.1616504294012277 0.8436452962433284
0.951798542522535 0.90656629462131 0.4758992712612675 0.453283147310655 0.7823526076135973
0.2391721941236675 0.1924476866945575 0.1195860970618337 0.09622384334727876 0.5995683444272906
0.4293437031018429 0.6003026725337931 0.2146718515509215 0.3001513362668966 0.889684605772087
0.8232638493102795 0.07579059872001585 0.4116319246551398 0.03789529936000793 0.06934130519852803
0.3531107839310776 0.7344300697947663 0.1765553919655388 0.3672150348973832 0.6379196647419459
0.8581182820748018 0.583305905085905 0.4290591410374009 0.2916529525429525 0.3440755268142526
0.3739747753972757 0.6992066065450507 0.1869873876986378 0.3496033032725254 0.7032835693974285
0.4882895302967904 0.3263931321358295 0.2441447651483952 0.1631965660679147 0.3656563025567554
0.8299967606405571 0.5175578814425719 0.4149983803202785 0.2587789407212859 0.6401377962251867
0.1848002080308731 0.879455189624352 0.09240010401543655 0.439727594812176 0.8498355527053404
0.3625343123652956 0.5104811395696263 0.1812671561826478 0.2552405697848131 0.6587403106738438
0.6072832125477565 0.457898795982053 0.3036416062738783 0.2289493979910265 0.2680567080316905
0.0224681232708142 0.6806613534457691 0.0112340616354071 0.3403306767228845 0.03063980385306291
0.8894346462166928 0.7374189769248501 0.4447173231083464 0.3687094884624251 0.8702721561979143
0.04438339626181136 0.9697170527193429 0.02219169813090568 0.4848585263596715 0.4058329392521441
0.537730899777821 0.04217934782043557 0.2688654498889105 0.02108967391021779 0.8169242323877687
0.5946408585421292 0.9871573833941206 0.2973204292710646 0.4935786916970603 0.3801662255168213
0.2056829945202813 0.272618966289255 0.1028414972601407 0.1363094831446275 0.6469399701255731
0.1797673202343545 0.3735916783420508 0.08988366011717727 0.1867958391710254 0.2764994563428031
0.2671277667355789 0.1551066715876605 0.1335638833677894 0.07755333579383025 0.6637223199121977
0.7710725557777056 0.005803419869177362 0.3855362778888528 0.002901709934588681 0.4055647834121704
0.4171019217721498 0.274362720890511 0.2085509608860749 0.1371813604452555 0.2222017786422145
0.9262644046442265 0.8960747378264342 0.4631322023221133 0.4480373689132171 0.6540265542706661
0.7908376994688664 0.4924029658714337 0.3954188497344332 0.2462014829357168 0.6057606146300295
0.5354500745873018 0.9264154764361716 0.2677250372936509 0.4632077382180858 0.652030671573428
0.9357006434771139 0.9190522710986192 0.467850321738557 0.4595261355493096 0.1510701328243053
0.7564618697222376 0.9969701169744408 0.3782309348611188 0.4984850584872204 0.4640023229850957
0.9609201148748429 0.3246247856690443 0.4804600574374214 0.1623123928345222 0.2989407538662718
0.9544183653399845 0.7568091755076357 0.4772091826699922 0.3784045877538179 0.8051116468702917
0.2110285433686456 0.8502571365692556 0.1055142716843228 0.4251285682846278 0.1627787700661267
0.3816593557800609 0.1047654325951162 0.1908296778900304 0.05238271629755811 0.8676653729815395
0.7908313835213744 0.4678309276518455 0.3954156917606872 0.2339154638259227 0.2422958405355466
0.6329313408552918 0.4772257508311441 0.3164656704276459 0.2386128754155721 0.6362765018646097
0.5623749887251056 0.882652503171798 0.2811874943625528 0.441326251585899 0.1775686035658593
0.7449478308879448 0.556496099595696 0.3724739154439724 0.278248049797848 0.8528612435568308
0.9045588948598858 0.323396889428428 0.4522794474299429 0.161698444714214 0.4421470108682214
0.475918145121023 0.2807568048944447 0.2379590725605115 0.1403784024472224 0.7830689356152372
0.4874956840192358 0.3626483031208497 0.2437478420096179 0.1813241515604248 0.9440687220847915
0.4938638793993339 0.3787579038465048 0.246931939699667 0.1893789519232524 0.2319626468031136
0.947010812327828 0.2591401403292814 0.473505406163914 0.1295700701646407 0.5056715829032188
0.2158514190474284 0.4150734113672983 0.1079257095237142 0.2075367056836492 0.9259758053937455
0.08081235835017324 0.5163232334777579 0.04040617917508662 0.2581616167388789 0.1993241182554016
0.9647886668845534 0.9894216237836895 0.4823943334422767 0.4947108118918447 0.3944362250755036
0.6617365996561504 0.7615680840175496 0.3308682998280752 0.3807840420087748 0.3275629549409082
0.7842532456002737 0.07164697019833292 0.3921266228001368 0.03582348509916646 0.5925826770318211
0.7226963231401838 0.626069217456549 0.3613481615700919 0.3130346087282745 0.8154051463596592
0.9970432019246269 0.7786193966067413 0.4985216009623135 0.3893096983033706 0.6952758043582082
0.2948943755216119 0.8228600677014712 0.1474471877608059 0.4114300338507356 0.6469340834723371
0.7003418008298645 0.06542593857968186 0.3501709004149323 0.03271296928984093 0.8388860125628164
0.5901868514610275 0.7594026757831011 0.2950934257305137 0.3797013378915505 0.4750403980887127
0.6168920828893287 0.3147054243820447 0.3084460414446644 0.1573527121910223 0.7170628623818819
0.3041982219415855 0.4741489607667012 0.1520991109707927 0.2370744803833506 0.4868596900027046
0.618573652132519 0.8182320742068647 0.3092868260662595 0.4091160371034324 0.6692463804696275
0.5050235301179136 0.8687627796031518 0.2525117650589568 0.4343813898015759 0.510045173834145
0.01889857101970887 0.2786870410410319 0.009449285509854433 0.1393435205205159 0.8973837661597788
0.2971456502961184 0.1192026877914279 0.1485728251480592 0.05960134389571394 0.5774546277261075
0.2804742826353626 0.8958824813153948 0.1402371413176813 0.4479412406576974 0.191964579173599
0.830639602768601 0.5123891050910603 0.4153198013843005 0.2561945525455301 0.4565864078826405
0.4424295207613193 0.485744158973473 0.2212147603806597 0.2428720794867365 0.3646453427092668
0.0743659306131829 0.2288602939802789 0.03718296530659145 0.1144301469901395 0.3695685717221558
0.2257691343363087 0.1928260611423885 0.1128845671681543 0.09641303057119424 0.1627247632624881
0.8158211629032015 0.897632592550779 0.4079105814516008 0.4488162962753895 0.9343130493311644
0.5975191831152016 0.5181615518497698 0.2987595915576008 0.2590807759248849 0.3269067273303887
0.2008848321242324 0.3725795616184852 0.1004424160621162 0.1862897808092426 0.1525462453889713
0.7690990309728972 0.5877982059757969 0.3845495154864486 0.2938991029878985 0.8443685772190713
0.2037821229403605 0.5395791572898554 0.1018910614701803 0.2697895786449277 0.8808498949334831
0.336020558704715 0.1947357201284192 0.1680102793523575 0.09736786006420958 0.6673443204002946
0.1543921766797605 0.8171295349859415 0.07719608833988026 0.4085647674929708 0.08939614915871745
0.7883618268761415 0.5910820286835849 0.3941809134380708 0.2955410143417925 0.7101725914716475
0.3172614899411049 0.9285965661435278 0.1586307449705524 0.4642982830717639 0.1169054848136333
0.9405656142430587 0.4047892316701555 0.4702828071215294 0.2023946158350778 0.4151195698443577
0.7201107892910988 0.3050868733707016 0.3600553946455494 0.1525434366853508 0.03600693075006993
0.9464268170737019 0.9662376217186995 0.473213408536851 0.4831188108593498 0.4304475193494062
0.2064084474073248 0.1198618840776659 0.1032042237036624 0.05993094203883294 0.6788089156823284
0.2639856638953638 0.2474133376669479 0.1319928319476819 0.1237066688334739 0.114425545639979
0.9157964172017312 0.07015614556379572 0.4578982086008656 0.03507807278189786 0.6863975188220942
0.4804585145867555 0.550261057527029 0.2402292572933778 0.2751305287635145 0.6784809019017468
0.8578999169454881 0.3106549312180304 0.428949958472744 0.1553274656090152 0.6433080843342773
0.8353874226251491 0.9927886737499684 0.4176937113125745 0.4963943368749842 0.4808243359052264
0.1099862220168293 0.02269782069379904 0.05499311100841466 0.01134891034689952 0.6713945626510175
0.4539701271958371 0.6740268904607518 0.2269850635979186 0.3370134452303759 0.6461629837124159
0.4005054699604122 0.9458626758693601 0.2002527349802061 0.4729313379346801 0.1744374504753815
0.2388541313584778 0.6550491367074596 0.1194270656792389 0.3275245683537298 0.02246288491803543
0.9539686350154735 0.2441392808768995 0.4769843175077367 0.1220696404384497 0.9831799368090333
0.9749461679512276 0.04213323270755302 0.4874730839756138 0.02106661635377651 0.2785934458623159
0.1733225656106033 0.1673789625341029 0.08666128280530164 0.08368948126705147 0.6379995731851998
0.8848291629435047 0.8285058683017928 0.4424145814717523 0.4142529341508964 0.9324660707495448
0.4093541563033028 0.241258124608226 0.2046770781516514 0.120629062304113 0.02508060283900897
0.325147936782715 0.7906501101390495 0.1625739683913575 0.3953250550695248 0.4895837721261844
0.2140361679997621 0.8173838692201824 0.107018083999881 0.4086919346100912 0.1439474896537861
0.3949090833413439 0.435394922954882 0.197454541670672 0.217697461477441 0.1631517350004612
0.7288252722126722 0.07814902495434865 0.3644126361063361 0.03907451247717433 0.01438969132392347
0.8888646655826584 0.1412253380613025 0.4444323327913292 0.07061266903065125 0.5012004765200858
0.4094490487042692 0.685939129175377 0.2047245243521346 0.3429695645876885 0.6484024114062307
0.4276455009858545 0.09434812768465499 0.2138227504929272 0.04717406384232749 0.626446655549469
0.1913727609820741 0.9586743150922968 0.09568638049103703 0.4793371575461484 0.9185233015114185
0.9156495304094695 0.5204838992542514 0.4578247652047348 0.2602419496271257 0.313670432951961
0.05337898987117133 0.855616265840188 0.02668949493558567 0.427808132920094 0.9170619559176683
0.2498969550560433 0.4657422960587554 0.1249484775280217 0.2328711480293777 0.8391781231972153
0.8351327923523265 0.920190033897634 0.4175663961761633 0.460095016948817 0.09136543095845655
0.08082800350727441 0.1845968725520914 0.04041400175363721 0.0922984362760457 0.2020201673840259
0.3518693304042627 0.8072924936409946 0.1759346652021313 0.4036462468204973 0.4172989251344004
0.6693777637364733 0.04590722713806399 0.3346888818682366 0.02295361356903199 0.6387380475931859
0.0802133811456998 0.5182241041954373 0.0401066905728499 0.2591120520977186 0.1687006610756898
0.3470035504681635 0.1373891301088851 0.1735017752340818 0.06869456505444257 0.1380200294040877
0.8609259154771215 0.5113561260467191 0.4304629577385607 0.2556780630233595 0.3966652591551096
0.4058631252632367 0.7323846697746235 0.2029315626316184 0.3661923348873117 0.3670512931854388
0.01261820357648462 0.6192702150548807 0.006309101788242311 0.3096351075274403 0.3141124018402935
0.6903680574920505 0.8772686095584085 0.3451840287460253 0.4386343047792042 0.7327084610074434
0.5672046031624969 0.9662170604465989 0.2836023015812484 0.4831085302232995 0.4905888610058058
0.3996044477726913 0.3522720126022319 0.1998022238863456 0.1761360063011159 0.5660382807607283
0.9011527762754428 0.5258964536451943 0.4505763881377214 0.2629482268225972 0.8918594648895681
0.6703127431937701 0.6943208879574874 0.335156371596885 0.3471604439787437 0.01920403331172231
0.2388125780842023 0.8364537385921184 0.1194062890421011 0.4182268692960592 0.5264514789817579
0.8212805770854907 0.1930585359140501 0.4106402885427454 0.09652926795702507 0.3336383823598106
0.08351226078217992 0.8752217253037493 0.04175613039108996 0.4376108626518747 0.6972562535092621
0.7141501422792913 0.4283545008379221 0.3570750711396457 0.214177250418961 0.04493062116750728
0.1802631013085421 0.6997405189110544 0.09013155065427106 0.3498702594555272 0.826153241705766
0.7292367301632433 0.5222556222868761 0.3646183650816217 0.261127811143438 0.6784117044996714
0.3961261167111532 0.3549215980720833 0.1980630583555766 0.1774607990360416 0.9184764889740306
0.9762583189132525 0.9534276488860243 0.4881291594566263 0.4767138244430121 0.885283563009597
0.951778225185069 0.3328327756632263 0.4758891125925345 0.1664163878316131 0.8604108181937499
0.1626074877771701 0.02039199839933075 0.08130374388858505 0.01019599919966537 0.6305836343585753
0.4188796153363447 0.5663765548260844 0.2094398076681724 0.2831882774130422 0.01896706344486969
0.854789004783534 0.3909790461121465 0.427394502391767 0.1954895230560732 0.8074732574867698
0.8522975646720713 0.8729146621423253 0.4261487823360356 0.4364573310711626 0.01698007201851519
0.1905138128570905 0.9651417134445279 0.09525690642854526 0.482570856722264 0.01812864423164067
0.02642978295837521 0.3146264862583096 0.01321489147918761 0.1573132431291548 0.1021070146962219
0.1456685870337689 0.2914913476218998 0.07283429351688445 0.1457456738109499 0.1677061612345811
0.8821466978702414 0.2174932737890375 0.4410733489351207 0.1087466368945188 0.9127404056846878
0.194818377335016 0.7207569641268446 0.097409188667508 0.3603784820634223 0.5764778601193595
0.362974537563149 0.5094507102888818 0.1814872687815745 0.2547253551444409 0.9097039811017145
0.6826146738920416 0.1519327756199402 0.3413073369460208 0.07596638780997009 0.5309059472980827
0.5939589856454333 0.6954367492448438 0.2969794928227166 0.3477183746224219 0.9437106184299399
0.06906732840647249 0.08327977456253426 0.03453366420323625 0.04163988728126713 0.2534449233154986
0.7624799304102341 0.9488842317768211 0.381239965205117 0.4744421158884106 0.9344654462604954
0.5982096060737649 0.395554667586188 0.2991048030368825 0.197777333793094 0.6219248078141075
0.1272917832528147 0.9714067119474106 0.06364589162640735 0.4857033559737053 0.8785762079022079
0.1731320281868255 0.9048973151726329 0.08656601409341277 0.4524486575863165 0.20523175249966
0.275202692549649 0.6568555204719539 0.1376013462748245 0.328427760235977 0.6413258853286935
0.6131180959579726 0.07870689138536395 0.3065590479789863 0.03935344569268198 0.3308912332709901
0.8953613168036952 0.3453076574107496 0.4476806584018476 0.1726538287053748 0.04822854219410959
0.05493122644883101 0.5368041905205125 0.02746561322441551 0.2684020952602563 0.5972144835981147
0.1364329035182745 0.7646174939888837 0.06821645175913724 0.3823087469944418 0.1435721157892911
0.7224426497958147 0.1283884227597276 0.3612213248979074 0.06419421137986378 0.1209404093548331
0.7383723077800974 0.676900488752733 0.3691861538900487 0.3384502443763665 0.6080182162191545
0.7420695805241485 0.7653381730918267 0.3710347902620743 0.3826690865459134 0.1750179841540884
0.1843106293757502 0.5067642987659375 0.09215531468787511 0.2533821493829688 0.4782791378873824
0.1452014299775057 0.08863669078384144 0.07260071498875284 0.04431834539192072 0.2593767998662097
0.8395968660367188 0.977011436166309 0.4197984330183594 0.4885057180831545 0.5554750703791825
0.6252590720321488 0.8547478452037648 0.3126295360160744 0.4273739226018824 0.8768836975535863
0.2365367151371117 0.2784488590267418 0.1182683575685558 0.1392244295133709 0.5725017041806275
0.01740482099609557 0.5955984551408071 0.008702410498047786 0.2977992275704036 0.7267472156965498
0.8724873957852803 0.02467308987751065 0.4362436978926402 0.01233654493875532 0.1722968723118894
0.8030827042800165 0.2657631777611653 0.4015413521400082 0.1328815888805826 0.992558970056394
0.9879600661112847 0.6772157248400928 0.4939800330556424 0.3386078624200464 0.12935967502679
0.9071374143077497 0.7484786298903454 0.4535687071538749 0.3742393149451727 0.02085870164524055
0.7893794452373372 0.9939121098462906 0.3946897226186686 0.4969560549231453 0.04783983682931374
0.2226874955060463 0.2238862937433641 0.1113437477530232 0.111943146871682 0.6085921643546267
0.9325652575425026 0.5843468208415501 0.4662826287712513 0.292173410420775 0.5844689352051675
0.2315319343789509 0.6499918236891623 0.1157659671894754 0.3249959118445812 0.8042934448492964
0.08799130173777008 0.7660823501954098 0.04399565086888504 0.3830411750977049 0.8825225523650734
0.7373180000066248 0.8689642270959733 0.3686590000033124 0.4344821135479867 0.6172483072252319
0.5773046319873923 0.9459520756971406 0.2886523159936962 0.4729760378485703 0.9629600527372123
0.7489099930690392 0.4285155455325653 0.3744549965345196 0.2142577727662826 0.7350966629293127
0.1158591736483133 0.8263921663220749 0.05792958682415663 0.4131960831610375 0.4638465008586283
0.02974076961825549 0.6775751871663406 0.01487038480912775 0.3387875935831703 0.6039566351128514
0.2071765360978376 0.9624713857952079 0.1035882680489188 0.4812356928976039 0.4567171106910513
0.9353981411460136 0.3849859301663653 0.4676990705730068 0.1924929650831827 0.5975385076473366
0.3789098437825046 0.6298541038998721 0.1894549218912523 0.314927051949936 0.02773698262097806
0.5255534935751897 0.5192218269392356 0.2627767467875948 0.2596109134696178 0.324438189079204
0.533933938407317 0.5945074169013438 0.2669669692036585 0.2972537084506719 0.4971020525640329
0.5841706757135411 0.04464868479349342 0.2920853378567705 0.02232434239674671 0.8685803926720298
0.9477301820520571 0.1604148492358295 0.4738650910260285 0.08020742461791477 0.2917472113483594
0.4094466841746624 0.3011876778588817 0.2047233420873312 0.1505938389294409 0.1883371746420463
0.3813539169420551 0.126973109392243 0.1906769584710275 0.06348655469612149 0.9799290375810285
0.1323795030382173 0.8115167089261108 0.06618975151910864 0.4057583544630554 0.278671529824372
0.4937907521444357 0.8373970045616418 0.2468953760722179 0.4186985022808209 0.06263677736398258
0.7073165422517683 0.3166453477264289 0.3536582711258842 0.1583226738632144 0.7881424521423553
0.3842537243282463 0.5971829194475369 0.1921268621641231 0.2985914597237684 0.1048850332087929
0.4468126583564966 0.7301198710696593 0.2234063291782483 0.3650599355348296 0.3082095395757061
0.8566279313895699 0.1717102140760787 0.428313965694785 0.08585510703803936 0.6729257991547658
0.6700959432652136 0.9277666218784811 0.3350479716326068 0.4638833109392406 0.1936779957939082
0.8499843917136007 0.6652612142010121 0.4249921958568004 0.3326306071005061 0.6199593621852464
0.05672609649455899 0.9067248515276323 0.0283630482472795 0.4533624257638161 0.556857430840497
0.2105822113652159 0.05193914186547381 0.1052911056826079 0.02596957093273691 0.5577441977359315
0.1973984587916588 0.2872367087364978 0.0986992293958294 0.1436183543682489 0.43163881699872
0.2576296118346406 0.3961797090005256 0.1288148059173203 0.1980898545002628 0.5896067741896628
0.2527270134093828 0.3032114744871466 0.1263635067046914 0.1516057372435733 0.03965362358968764
0.3607120166963639 0.1069078451731245 0.180356008348182 0.05345392258656225 0.929581427796267
0.3531386739902109 0.1006924920056986 0.1765693369951054 0.05034624600284928 0.8159037592783726
0.2516828888857403 0.9523048208184046 0.1258414444428701 0.4761524104092023 0.09128358644775718
0.191819079455006 0.5335672069289549 0.09590953972750302 0.2667836034644774 0.8794856941331658
0.9220022957541775 0.4833788831793571 0.4610011478770887 0.2416894415896786 0.1738914179649804
0.6222526956259345 0.1768116547668618 0.3111263478129673 0.08840582738343092 0.107473857542322
0.5935742822440816 0.2246061247199653 0.2967871411220408 0.1123030623599826 0.594407871422291
0.4182505086136363 0.8775049503177534 0.2091252543068181 0.4387524751588767 0.7186066999253422
0.9847345948017122 0.7372839129280199 0.4923672974008561 0.3686419564640099 0.631080730769072
0.2824447640425454 0.6448152087638812 0.1412223820212727 0.3224076043819406 0.1551135326826789
0.3486722833543228 0.9232182076291049 0.1743361416771614 0.4616091038145524 0.04230167546563361
0.2823543014355389 0.1884528562661259 0.1411771507177695 0.09422642813306295 0.2751545450560702
0.8527594745227857 0.1202906105995513 0.4263797372613928 0.06014530529977565 0.4332717338607665
0.4469635904242951 0.6294988543173539 0.2234817952121475 0.3147494271586769 0.06873287318234815
0.2457760427477495 0.146422389880655 0.1228880213738748 0.07321119494032749 0.9346730400503228
0.500822689840594 0.8138490815905501 0.250411344920297 0.4069245407952751 0.7755575070617514
0.300770506323572 0.3217189544045633 0.150385253161786 0.1608594772022816 0.4154978505099493
0.2439144471799203 0.2977796956629239 0.1219572235899602 0.1488898478314619 0.775512066621203
0.6251051169709172 0.8456101591137641 0.3125525584854586 0.4228050795568821 0.3008431732365153
0.005565082952147016 0.8984745870081813 0.002782541476073508 0.4492372935040906 0.6483373571210891
0.9099783495472032 0.9624583064751431 0.4549891747736016 0.4812291532375715 0.3159898542141711
0.7939355322403586 0.04378786812022666 0.3969677661201793 0.02189393406011333 0.289017084400655
0.6216375380751593 0.9016957990410188 0.3108187690375797 0.4508478995205094 0.7407094585841121
0.1109423442812911 0.05580413522801302 0.05547117214064553 0.02790206761400651 0.5282747177952821
0.668370340207435 0.5009489528081662 0.3341851701037175 0.2504744764040831 0.5852233795079285
0.5334929900427383 0.5020081163025405 0.2667464950213692 0.2510040581512702 0.4145343100251647
0.7230584734299508 0.1221408785969268 0.3615292367149754 0.06107043929846342 0.0126908317479391
0.4038035274639396 0.3226665940721613 0.2019017637319698 0.1613332970360807 0.4000656651831254
0.0264391393053373 0.2844225967845963 0.01321956965266865 0.1422112983922982 0.1635229846813599
0.9325207601200451 0.2821645204251136 0.4662603800600226 0.1410822602125568 0.6645404764922676
0.3957594879680936 0.1875262280057335 0.1978797439840468 0.09376311400286677 0.807515700053516
0.5337250148552208 0.9338807318663219 0.2668625074276104 0.466940365933161 0.1409970162010352
0.7503465184234569 0.5937627277896957 0.3751732592117284 0.2968813638948479 0.4001671091291161
0.7677210237141305 0.5950670810274257 0.3838605118570653 0.2975335405137128 0.59361721952149
0.540394262106808 0.8368594306549252 0.270197131053404 0.4184297153274626 0.5487024666049551
0.06541272006122993 0.9865354622336676 0.03270636003061497 0.4932677311168338 0.3758462305781027
0.2085540377414936 0.626956304974889 0.1042770188707468 0.3134781524874445 0.1296107638905508
0.9046883971709846 0.976372008412028 0.4523441985854923 0.488186004206014 0.6852583424683605
0.8916305466268177 0.6335928629772702 0.4458152733134089 0.3167964314886351 0.6465755463582107
0.6868435919553939 0.90505457293841 0.343421795977697 0.452527286469205 0.1641064591568627
0.02882895745524299 0.9671484181736774 0.01441447872762149 0.4835742090868387 0.9884678909925246
0.6044958111396332 0.3518771167825097 0.3022479055698166 0.1759385583912549 0.5637553213547486
0.5525902115723517 0.7441199163151406 0.2762951057861758 0.3720599581575703 0.0220301060780062
0.4274031121821811 0.5720172600160878 0.2137015560910906 0.2860086300080439 0.2816032251788906
0.521501357764215 0.6912605349554978 0.2607506788821075 0.3456302674777489 0.808711134678172
0.7148917296395404 0.2337383102942028 0.3574458648197702 0.1168691551471014 0.6129156467238229
0.1601077162127174 0.3289160900255961 0.08005385810635871 0.1644580450127981 0.4512232343035363
0.2581268707909459 0.5418852538702724 0.129063435395473 0.2709426269351362 0.8763097163443877
0.29593236829635 0.7625096395382065 0.147966184148175 0.3812548197691032 0.919275133088833
0.2265344312077106 0.3857629499318891 0.1132672156038553 0.1928814749659446 0.4632164758484803
0.1457812060888014 0.3691183452001225 0.07289060304440068 0.1845591726000612 0.1593532566454831
0.7146288017361089 0.6102145812503166 0.3573144008680544 0.3051072906251583 0.9786415683124007
0.7478879667612036 0.03017817714559872 0.3739439833806018 0.01508908857279936 0.3629105569342949
0.06123163362124044 0.5757638952376717 0.03061581681062022 0.2878819476188358 0.6265347749062469
0.07888675988122899 0.9994272986488081 0.0394433799406145 0.499713649324404 0.5633259516161904
0.9424427476317636 0.6426308964509664 0.4712213738158818 0.3213154482254832 0.1688616078685659
0.4321137476938395 0.4179101139670138 0.2160568738469198 0.2089550569835069 0.9173386371624854
0.0386442946367475 0.6486991214524308 0.01932214731837375 0.3243495607262154 0.5208795003394698
0.3674586825272498 0.3080756085929372 0.1837293412636249 0.1540378042964686 0.4703296801330371
0.9008119972850258 0.6898390047285048 0.4504059986425129 0.3449195023642524 0.6275242569642329
0.4251998459326754 0.9088639805255699 0.2125999229663377 0.454431990262785 0.7232132989916455
0.7125170221320439 0.2522309472072199 0.356258511066022 0.1261154736036099 0.7669336603854435
0.7534216450772655 0.3987592627711019 0.3767108225386328 0.199379631385551 0.994042743733954
0.2432201633575743 0.0006259951943816012 0.1216100816787871 0.0003129975971908006 0.2931286451782685
0.8116756164493342 0.9506331805764215 0.4058378082246671 0.4753165902882108 0.4031088092462872
0.7202973540180353 0.5093682398421802 0.3601486770090176 0.2546841199210901 0.7001966221406994
0.592329463521884 0.7076891531994572 0.296164731760942 0.3538445765997286 0.6689920421166642
0.9054790857204353 0.5711413537320535 0.4527395428602177 0.2855706768660268 0.7541986498252516
0.4427464334829349 0.583656213304561 0.2213732167414675 0.2918281066522805 0.1947657950080849
0.8220333038837683 0.5161841367097968 0.4110166519418841 0.2580920683548984 0.03019157168500446
0.3701736940600565 0.9142094788684263 0.1850868470300282 0.4571047394342131 0.5587940676042048
0.9407697761572907 0.3534522179755945 0.4703848880786454 0.1767261089877973 0.06145808222602138
0.3354038590018074 0.3982229246239897 0.1677019295009037 0.1991114623119949 0.4349663274941535
0.9211362751082052 0.296362057543605 0.4605681375541026 0.1481810287718025 0.5955889848519135
0.2167267489135631 0.04492061529465501 0.1083633744567815 0.0224603076473275 0.186922631977742
0.6607979667455691 0.5009457027293476 0.3303989833727846 0.2504728513646738 0.5091653027623706
0.1650322508547516 0.7846306733544488 0.08251612542737582 0.3923153366772244 0.8761191698232795
0.9507236488151335 0.4757569224243406 0.4753618244075667 0.2378784612121703 0.515032681392672
0.4195908053530065 0.5313674082740277 0.2097954026765032 0.2656837041370139 0.02827529985202542
0.02342185207982355 0.9256909899827428 0.01171092603991177 0.4628454949913714 0.7120452052510682
0.6085080442376477 0.5529187303508075 0.3042540221188239 0.2764593651754038 0.9223120610661234
0.5963466852603253 0.8759438195308539 0.2981733426301627 0.4379719097654269 0.3593486577342599
0.7186851733204511 0.9424330873707965 0.3593425866602256 0.4712165436853982 0.8762148508897637
0.3408678916901105 0.5288870708587928 0.1704339458450553 0.2644435354293964 0.460299633478984
0.8122036631960921 0.04621782110103749 0.406101831598046 0.02310891055051875 0.7377288682522267
0.001907264071465065 0.4291763537250667 0.0009536320357325323 0.2145881768625334 0.9909367428509148
0.4624642020007948 0.6703309451845063 0.2312321010003974 0.3351654725922532 0.8319207836322671
0.7527204420038741 0.1278168819871682 0.3763602210019371 0.06390844099358409 0.9561154091014674
0.6934367218475368 0.2274001666885765 0.3467183609237684 0.1137000833442882 0.6008184901632486
0.9602842850860265 0.8554090960621632 0.4801421425430132 0.4277045480310816 0.1684878267345665
0.05764277759990193 0.9873516870289524 0.02882138879995096 0.4936758435144762 0.06309864629645949
0.8336334937901606 0.8622782865593542 0.4168167468950803 0.4311391432796771 0.1266337613794413
0.8605044442998961 0.4197065816794899 0.4302522221499481 0.2098532908397449 0.443435869109885
0.3283790337983546 0.5757241620059296 0.1641895168991773 0.2878620810029648 0.3396338855981738
0.268069194524255 0.2415311166289029 0.1340345972621275 0.1207655583144514 0.03701311438307446
0.6660473131326823 0.3761275918412352 0.3330236565663411 0.1880637959206176 0.008058482530401912
0.001481070515980276 0.5084556486237649 0.0007405352579901381 0.2542278243118825 0.8684449693992389
0.8024592091318423 0.3924458755678479 0.4012296045659212 0.1962229377839239 0.7022772907699339
0.1859853803908043 0.9789344793498137 0.09299269019540216 0.4894672396749069 0.9072212816242833
0.5101385212656264 0.9410235155427565 0.2550692606328132 0.4705117577713783 0.9381392140819206
0.09349996581572954 0.8314974177807126 0.04674998290786477 0.4157487088903563 0.4631910526406576
0.6648380074656753 0.6591170598811971 0.3324190037328377 0.3295585299405985 0.8483155582846758
0.1151882270600346 0.6192243345359368 0.05759411353001728 0.3096121672679684 0.3790449738311284
0.3645607918958888 0.4337666131505248 0.1822803959479444 0.2168833065752624 0.7035204084049695
0.5677097901817554 0.1405131063311044 0.2838548950908777 0.07025655316555221 0.3655285087292311
0.5215018511720235 0.7749213925797026 0.2607509255860118 0.3874606962898513 0.6899066968902869
0.1678162289080288 0.8292686309958296 0.08390811445401439 0.4146343154979148 0.9294601057534613
0.4108239861030148 0.3305418073488273 0.2054119930515074 0.1652709036744136 0.3140263658088928
0.7863531131348031 0.4301065405537399 0.3931765565674015 0.21505327027687 0.9113548067639059
0.8384624419673254 0.7537497148316178 0.4192312209836627 0.3768748574158089 0.6928628033350698
0.0466963871251324 0.5681817059688993 0.0233481935625662 0.2840908529844496 0.4377842961459243
0.7648464692952257 0.6540605809984038 0.3824232346476129 0.3270302904992019 0.7070664909856955
0.4950522187388297 0.4497884199256481 0.2475261093694149 0.224894209962824 0.8319566443989163
0.0350421338847519 0.133349566275937 0.01752106694237595 0.06667478313796851 0.9624665240329362
0.3733542051050026 0.2536220382195142 0.1866771025525013 0.1268110191097571 0.2577523768683488
0.06970675483607607 0.7289696604186462 0.03485337741803803 0.3644848302093231 0.4455691319385067
0.3864560159685194 0.369146407584421 0.1932280079842597 0.1845732037922105 0.7039819823385239
0.5897167963969099 0.1242823377215207 0.2948583981984549 0.06214116886076034 0.2659561921773133
0.4830740223948489 0.06119073021809644 0.2415370111974245 0.03059536510904822 0.9917793396008093
0.7429468966996516 0.7029999475268442 0.3714734483498258 0.3514999737634221 0.7828763786248499
0.2804096358610524 0.5818840549188969 0.1402048179305262 0.2909420274594485 0.7546884594777848
0.9099598772392269 0.4528469110969488 0.4549799386196134 0.2264234555484744 0.5454479608746433
0.3811853838281263 0.33103992967097 0.1905926919140632 0.165519964835485 0.9016735843745582
0.3036992997869571 0.3605241648368676 0.1518496498934786 0.1802620824184338 0.8442028596645526
0.4625951936393103 0.8960074813517508 0.2312975968196551 0.4480037406758754 0.8463360367784065
0.4274832367110044 0.1244450490490342 0.2137416183555022 0.06222252452451712 0.2180643461137198
0.2128492353895291 0.2793871103756615 0.1064246176947646 0.1396935551878307 0.429933595003628
0.6550310549310548 0.1537926346266864 0.3275155274655274 0.0768963173133432 0.7470638600957819
0.2506255299819702 0.4027960600438733 0.1253127649909851 0.2013980300219367 0.551686924723795
0.387380776998659 0.1134951479138323 0.1936903884993295 0.05674757395691617 0.5776759254252489
0.4460749572404928 0.7855968163104916 0.2230374786202464 0.3927984081552458 0.1276580622468111
0.8845998996420674 0.6718118452464841 0.4422999498210337 0.335905922623242 0.846337591118376
0.4100488866465213 0.216840711139295 0.2050244433232607 0.1084203555696475 0.1976527182478344
0.9667515303138553 0.08451102427491701 0.4833757651569277 0.0422555121374585 0.7643573223150743
0.3950261064496601 0.2750545487592602 0.1975130532248301 0.1375272743796301 0.09563093300127183
0.8139565119974925 0.3723414480175654 0.4069782559987463 0.1861707240087827 0.669840440507778
0.107507947067526 0.1615354052153534 0.05375397353376301 0.08076770260767671 0.9289884179873042
0.1385579299522352 0.86810804028166 0.0692789649761176 0.43405402014083 0.6599233341678571
0.5138762561359544 0.05336121049676172 0.2569381280679772 0.02668060524838086 0.1850654266669076
0.6089143675480967 0.06966674305153257 0.3044571837740483 0.03483337152576629 0.3544692204213486
0.4057927156894449 0.5946103035821597 0.2028963578447225 0.2973051517910799 0.9943420137799636
0.2335524573465126 0.2465291723326699 0.1167762286732563 0.1232645861663349 0.2733599919499201
0.1833025002193401 0.05302459489093096 0.09165125010967004 0.02651229744546548 0.9649530720193088
0.7207053380356337 0.6205808165312499 0.3603526690178169 0.3102904082656249 0.7169427195120803
0.02739396572474822 0.5785448535065432 0.01369698286237411 0.2892724267532716 0.4949609012226253
0.3723657103365256 0.3958529714450693 0.1861828551682628 0.1979264857225347 0.269799820023548
0.5207365333258811 0.302671263804513 0.2603682666629406 0.1513356319022565 0.6221707065101529
0.3249264792192002 0.194717209246031 0.1624632396096001 0.09735860462301552 0.9673033585903641
0.7980398168840005 0.1060127835385674 0.3990199084420002 0.0530063917692837 0.9423778016241356
0.4469973418814491 0.2307372925666423 0.2234986709407245 0.1153686462833211 0.9591518140169366
0.9070477032808101 0.4684084948893283 0.453523851640405 0.2342042474446641 0.07058969421390575
0.0142285506376753 0.9713249160303581 0.007114275318837649 0.485662458015179 0.4595283048197213
0.4118796577055747 0.8760350288806014 0.2059398288527874 0.4380175144403007 0.4686453995511163
0.6201062942466927 0.561107532005674 0.3100531471233464 0.280553766002837 0.4547588295107226
0.3766337410689056 0.3039149726111693 0.1883168705344528 0.1519574863055847 0.05431047068238186
0.1082490669205966 0.5014326454696741 0.05412453346029829 0.2507163227348371 0.4007546157438243
0.07971471913580767 0.1778901195870196 0.03985735956790384 0.08894505979350978 0.2878059448943259
0.8720496946203425 0.5080173258508935 0.4360248473101713 0.2540086629254468 0.5050420520954835
0.1378293090092012 0.6892081111104446 0.06891465450460058 0.3446040555552223 0.1010132914864923
0.0254439202818501 0.648908666744118 0.01272196014092505 0.324454333372059 0.4811966833627015
0.2233951402174539 0.4874871644882899 0.111697570108727 0.243743582244145 0.3415966927855859
0.8342766775810621 0.1102340102340029 0.417138338790531 0.05511700511700143 0.08935114453438046
0.05924551339581045 0.6102412048019797 0.02962275669790523 0.3051206024009899 0.5057240553851897
0.4708017335023673 0.4114782804418902 0.2354008667511836 0.2057391402209451 0.6754524703257742
0.3091196678103773 0.02298738201045441 0.1545598339051887 0.0114936910052272 0.1767882099279215
0.2661168443972708 0.7690320172100773 0.1330584221986354 0.3845160086050387 0.2148078213686036
0.1148759563272381 0.07191714578223422 0.05743797816361903 0.03595857289111711 0.02088629793367884
0.8199825215349997 0.2766844089849641 0.4099912607674999 0.1383422044924821 0.08627374199387665
0.149455313177661 0.9580619960342337 0.07472765658883049 0.4790309980171168 0.910710964831956
0.7111244436585815 0.4095854917452371 0.3555622218292908 0.2047927458726186 0.8665753537253987
0.7828828998529792 0.6282778020605921 0.3914414499264896 0.3141389010302961 0.5004098363270972
0.5700500108349017 0.3023764322200704 0.2850250054174508 0.1511882161100352 0.6035128154800283
0.1318155757820865 0.5716267953185669 0.06590778789104326 0.2858133976592834 0.6917053049832398
0.4886544609772924 0.678188042170607 0.2443272304886462 0.3390940210853035 0.1124821805227058
0.2601384633853986 0.3038576073748634 0.1300692316926993 0.1519288036874317 0.06810761637991684
0.2643271183819235 0.4053250695840127 0.1321635591909618 0.2026625347920063 0.617154022315926
0.6318254945514444 0.7372666328752449 0.3159127472757222 0.3686333164376224 0.6175281542741567
0.8844086183841573 0.3487437119832369 0.4422043091920786 0.1743718559916184 0.492963558518729
0.1654758952515872 0.5824957658877863 0.08273794762579359 0.2912478829438931 0.6535044887976753
0.04823993505365713 0.3094155055328994 0.02411996752682857 0.1547077527664497 0.3559812648523954
0.4324312976407704 0.04239532357391833 0.2162156488203852 0.02119766178695916 0.8357767277367768
0.3700802697005187 0.5008371989922541 0.1850401348502594 0.250418599496127 0.5773914264080984
0.2387970768393595 0.5752297457240794 0.1193985384196798 0.2876148728620397 0.1226094745508949
0.9714682762776352 0.3386126392030346 0.4857341381388176 0.1693063196015173 0.8131540474944851
0.1459194396298923 0.620126200599721 0.07295971981494617 0.3100631002998605 0.3610018803285058
0.9277008954608702 0.9784260059631626 0.4638504477304351 0.4892130029815813 0.3298723718098169
0.6542511353754983 0.6972848614572718 0.3271255676877491 0.3486424307286359 0.8129514397986468
0.5807379773272321 0.8270348386546642 0.290368988663616 0.4135174193273321 0.7742672540290833
0.9605430644106429 0.4572772184207516 0.4802715322053214 0.2286386092103758 0.2594114420133656
0.8481336976026446 0.4182243323301847 0.4240668488013223 0.2091121661650923 0.08218967962903671
0.8863909212663665 0.3834281284497215 0.4431954606331833 0.1917140642248607 0.3329990141997293
0.4183065827604182 0.9634177292075281 0.2091532913802091 0.4817088646037641 0.003166825673786055
0.4633423540359823 0.1216239502481982 0.2316711770179911 0.0608119751240991 0.001519445482269055
0.8817449111140128 0.6372830130057254 0.4408724555570064 0.3186415065028627 0.3226260415100964
0.4164760406828323 0.4332114010389597 0.2082380203414162 0.2166057005194798 0.1299962842530825
0.06314870007357036 0.4726832885505225 0.03157435003678518 0.2363416442752612 0.9906946281854095
0.3875090107361116 0.08602597723494747 0.1937545053680558 0.04301298861747373 0.647714172490836
0.6481840333468196 0.6777469875576204 0.3240920166734098 0.3388734937788102 0.8393109014221862
0.3625644900662002 0.410191542342887 0.1812822450331001 0.2050957711714435 0.3686813040951342
0.8795995462738152 0.09853779946876688 0.4397997731369076 0.04926889973438344 0.05326150237484388
0.05844773256756201 0.5079996287981527 0.02922386628378101 0.2539998143990764 0.6825969315359337
0.7424564618382519 0.7729951477640159 0.3712282309191259 0.3864975738820079 0.96252119521707
0.08615153352448539 0.8599129837755226 0.04307576676224269 0.4299564918877613 0.1417039637624034
0.4868119197626783 0.07532518867798836 0.2434059598813391 0.03766259433899418 0.5107071988065489
0.02393682627975051 0.4564740859844541 0.01196841313987526 0.2282370429922271 0.9020523820931214
0.09477455803964389 0.7753179844887446 0.04738727901982195 0.3876589922443723 0.4898202853539673
0.6699030149626044 0.9036454626733265 0.3349515074813022 0.4518227313366632 0.2227987221288766
0.5925998162181296 0.1236150012064258 0.2962999081090648 0.0618075006032129 0.8164671783053578
0.4712230465885682 0.4847930612403936 0.2356115232942841 0.2423965306201968 0.2796423725458828
0.237389269104007 0.8673179098447621 0.1186946345520035 0.433658954922381 0.6077983798252342
0.4267468153966734 0.5492502971029752 0.2133734076983367 0.2746251485514876 0.2773806064733748
0.8486420694419139 0.5290491193819544 0.4243210347209569 0.2645245596909772 0.5160747691889934
0.8882387126169082 0.1607198603383861 0.4441193563084541 0.08035993016919304 0.7504907870210848
0.2144660603188434 0.03794965601819826 0.1072330301594217 0.01897482800909913 0.1966965033809414
0.970918703478729 0.2018361821957436 0.4854593517393645 0.1009180910978718 0.8738164257814981
0.5006847245301297 0.9208829893019747 0.2503423622650648 0.4604414946509873 0.3117450597593353
0.2453611419867621 0.8739358692099631 0.1226805709933811 0.4369679346049816 0.07964502122152599
0.1461261061423638 0.3999942306895549 0.07306305307118191 0.1999971153447775 0.214695341296281
0.8187060709006581 0.3403148604649381 0.409353035450329 0.1701574302324691 0.5127809879895857
0.3284178723213968 0.1148044467331408 0.1642089361606984 0.05740222336657038 0.9828070830320291
0.6308545186955702 0.8601247401907306 0.3154272593477851 0.4300623700953653 0.2544513912006823
0.1307468906067137 0.4923591564261799 0.06537344530335684 0.24617957821309 0.2775836155157614
0.7192233192421633 0.5158169941692451 0.3596116596210817 0.2579084970846225 0.9588871595315409
0.5229333996804867 0.1834036340754142 0.2614666998402433 0.09170181703770711 0.4416024161194316
0.4197756449456542 0.1994045842585107 0.2098878224728271 0.09970229212925533 0.2349694325789024
0.6042896742749101 0.3850761408627187 0.302144837137455 0.1925380704313594 0.4764753846508729
0.1790783346654785 0.152525429305426 0.08953916733273923 0.07626271465271298 0.2938366924233832
0.8102616016061071 0.3583683652103055 0.4051308008030535 0.1791841826051528 0.3172660518447915
0.9447391269104719 0.2596601743303511 0.472369563455236 0.1298300871651756 0.1342038253165983
0.4490003871952046 0.03781520909650908 0.2245001935976023 0.01890760454825454 0.8303352802919731
0.6938578773990084 0.4417196031736777 0.3469289386995042 0.2208598015868388 0.4206819858606936
0.4508956158576387 0.8410484930401891 0.2254478079288193 0.4205242465200946 0.3289979308800454
0.9899704266130888 0.3276972239962683 0.4949852133065444 0.1638486119981341 0.8469480449744534
0.9510063736804958 0.9593232783163814 0.4755031868402479 0.4796616391581907 0.589854140221676
0.5741106804230649 0.9037230618924013 0.2870553402115325 0.4518615309462006 0.01783921564462792
0.4298465566876846 0.9209325887772785 0.2149232783438423 0.4604662943886392 0.5522495082668176
0.611370628058708 0.7243837832535858 0.305685314029354 0.3621918916267929 0.5423543583283598
0.681908176442696 0.01518205843566671 0.340954088221348 0.007591029217833356 0.9812837954680007
0.4676399250198542 0.713982876850656 0.2338199625099271 0.356991438425328 0.2769800482698773
0.3547556196002478 0.08841694158916195 0.1773778098001239 0.04420847079458098 0.2477609851817964
0.1580112765230345 0.9250833622052692 0.07900563826151727 0.4625416811026346 0.7373159053544782
0.1703157376465822 0.8548795509276039 0.0851578688232911 0.427439775463802 0.07195909720067466
0.6314902258948717 0.8167430111582475 0.3157451129474358 0.4083715055791238 0.4710077519580588
0.2019308616741898 0.8058871358498138 0.1009654308370949 0.4029435679249069 0.4059946289456308
0.4583745455658589 0.8442297132365484 0.2291872727829295 0.4221148566182742 0.2208651733404716
0.9805029688969419 0.1539493773549658 0.4902514844484709 0.07697468867748289 0.1127634507581962
0.1179363947187369 0.5012413651304718 0.05896819735936844 0.2506206825652359 0.6787547073981548
0.6756036387452728 0.825057403026738 0.3378018193726364 0.412528701513369 0.9050801921592359
0.6711576242623539 0.006710740108978696 0.335578812131177 0.003355370054489348 0.725054005550745
0.4804120285191213 0.6768913435364676 0.2402060142595606 0.3384456717682338 0.1891358508385405
0.6242502509609238 0.9290302318188743 0.3121251254804619 0.4645151159094372 0.5756648731926506
0.4232204723168697 0.06567554414617431 0.2116102361584349 0.03283777207308716 0.05884662324487959
0.4287200803476368 0.0657537535347618 0.2143600401738184 0.0328768767673809 0.469128295464341
0.6427062257274178 0.4459372783567148 0.3213531128637089 0.2229686391783574 0.6802540143095326
0.5563915504313928 0.6242868335375186 0.2781957752156964 0.3121434167687593 0.5213770754573454
0.1776716492615654 0.09315620293681652 0.08883582463078268 0.04657810146840826 0.04653196276862341
0.6890372954516605 0.4998637296580704 0.3445186477258302 0.2499318648290352 0.2389475205147268
0.8814803742584838 0.2948929662287846 0.4407401871292419 0.1474464831143923 0.2577603841110505
0.09028434771548825 0.1149179437691944 0.04514217385774413 0.05745897188459722 0.8781707937691643
0.8560838871773343 0.8564164081292394 0.4280419435886672 0.4282082040646197 0.8128580225711071
0.5107586700213063 0.3041381569948649 0.2553793350106531 0.1520690784974324 0.7399065896883236
0.7402088821103979 0.4078085193895856 0.370104441055199 0.2039042596947928 0.3771159260777633
0.7225810585565913 0.8792082317712386 0.3612905292782956 0.4396041158856193 0.5777597232505116
0.508572244242731 0.5956568077676757 0.2542861221213655 0.2978284038838379 0.05336694041568683
0.4524661465742787 0.6000490172526857 0.2262330732871393 0.3000245086263428 0.4032849730232301
0.3751155987684211 0.631417001306455 0.1875577993842105 0.3157085006532275 0.5909275984551126
0.3264732410760533 0.4160360413015325 0.1632366205380266 0.2080180206507663 0.2606060585989355
0.5271036285175535 0.944244242848756 0.2635518142587768 0.472122121424378 0.215248020830218
0.2293650718485356 0.9709936748027864 0.1146825359242678 0.4854968374013932 0.01187287042541156
0.8899935054252738 0.5429354199171026 0.4449967527126369 0.2714677099585513 0.3941335154475906
0.7713991645795722 0.5682468079797586 0.3856995822897861 0.2841234039898793 0.7543810459619437
0.4708766699144699 0.9032106831937092 0.235438334957235 0.4516053415968546 0.4312728495386798
0.8737904733747061 0.4138035137216089 0.436895236687353 0.2069017568608044 0.7396794545723548
0.8572116604336376 0.6002372988435069 0.4286058302168188 0.3001186494217534 0.7054393908395538
0.06022008796084836 0.6961305885402607 0.03011004398042418 0.3480652942701303 0.3582297622408725
0.8049793520810922 0.2390728343422469 0.4024896760405461 0.1195364171711234 0.1052987536940068
0.1002832998737814 0.5591455674444252 0.05014164993689071 0.2795727837222126 0.5996061004799419
0.2660439184155567 0.3353328058738315 0.1330219592077783 0.1676664029369157 0.3374200845790549
0.3776039609507637 0.5601262696218654 0.1888019804753819 0.2800631348109327 0.05071545916317337
0.01054714525521154 0.1175191754210977 0.005273572627605772 0.05875958771054886 0.9636249168647363
0.4799802472379502 0.8109078971949134 0.2399901236189751 0.4054539485974567 0.4476760482612515
0.3255614940352728 0.03249425765806006 0.1627807470176364 0.01624712882903003 0.508747559788997
0.4092724585711915 0.9674709059365121 0.2046362292855957 0.483735452968256 0.7715436060901351
0.6222940856808081 0.4147621963985446 0.3111470428404041 0.2073810981992723 0.2260146134070984
0.9848005301437797 0.992814483130906 0.4924002650718898 0.496407241565453 0.1839216273429311
0.4269598260892114 0.9377896664610837 0.2134799130446057 0.4688948332305419 0.4391163376119191
0.8025731557485619 0.5920422002147806 0.401286577874281 0.2960211001073903 0.4330424971199177
0.3236469175745346 0.7313356319795103 0.1618234587872673 0.3656678159897552 0.6154393680932845
0.5713015247751786 0.7014118351606385 0.2856507623875893 0.3507059175803193 0.5763589326531289
0.4115359336590679 0.5748707287424758 0.2057679668295339 0.2874353643712379 0.8955730666057241
0.9033365358487654 0.8861558873665617 0.4516682679243827 0.4430779436832809 0.3212704161918635
0.3013984994195806 0.4288414757767695 0.1506992497097903 0.2144207378883848 0.4958104073186591
0.0151604566860563 0.1291287555294837 0.007580228343028151 0.06456437776474186 0.2589568683823466
0.8290300920446665 0.4069235517936455 0.4145150460223332 0.2034617758968228 0.920733867812732
0.5852967019125918 0.285581872660593 0.2926483509562959 0.1427909363302965 0.1014042021993186
0.1457024867605395 0.4583542997728459 0.07285124338026974 0.2291771498864229 0.1085423328842004
0.2770168625533968 0.8067308758512961 0.1385084312766984 0.4033654379256481 0.7143318164391723
0.3615783441961556 0.7086922448535762 0.1807891720980778 0.3543461224267881 0.3504764978213858
0.2417346355901354 0.2106852590071424 0.1208673177950677 0.1053426295035712 0.6396292398099365
0.9089378881152353 0.3412654898846714 0.4544689440576177 0.1706327449423357 0.134009186768474
0.9459398401919765 0.6831097608310355 0.4729699200959883 0.3415548804155177 0.8531296101977652
0.7393826985016112 0.1178384060107744 0.3696913492508056 0.05891920300538719 0.7449423309492297
0.06345118582552371 0.9351069176162813 0.03172559291276186 0.4675534588081406 0.03663070146970941
0.2951398291676091 0.888113497689648 0.1475699145838046 0.444056748844824 0.159153186001757
0.8321699089837595 0.1863322984246887 0.4160849544918798 0.09316614921234437 0.9629084577685061
0.07907863766313798 0.1326024819017331 0.03953931883156899 0.06630124095086656 0.9691498765501938
0.02667690015504913 0.9806119256902074 0.01333845007752457 0.4903059628451037 0.8765165268042255
0.5741983326444506 0.02824899156673171 0.2870991663222253 0.01412449578336585 0.02871539815177553
0.285062106293373 0.2854675207581562 0.1425310531466865 0.1427337603790781 0.06290844454133963
0.8990940884817099 0.8657126235849961 0.449547044240855 0.4328563117924981 0.459297750926338
0.5557855891149391 0.998387407470324 0.2778927945574696 0.499193703735162 0.3591421552949848
0.8330045256177583 0.5355724411274823 0.4165022628088791 0.2677862205637411 0.87701689577204
0.4430624924437275 0.1377365133964553 0.2215312462218637 0.06886825669822763 0.3934556248483933
0.657786362451216 0.612904220673027 0.328893181225608 0.3064521103365135 0.8501615398753239
0.7857571629956621 0.376263945786858 0.3928785814978311 0.188131972893429 0.7445026501232311
0.4741028944822547 0.9704041781373316 0.2370514472411273 0.4852020890686658 0.5540138677375019
0.4284993891960132 0.01517754665229125 0.2142496945980066 0.007588773326145626 0.8280240616757099
0.8961164471267818 0.5510540842085545 0.4480582235633909 0.2755270421042773 0.872343177388203
0.2263601184359196 0.8758520896344472 0.1131800592179598 0.4379260448172236 0.6352782042634694
0.02244504440494926 0.2351226802489034 0.01122252220247463 0.1175613401244517 0.4273693177692968
0.6901925416799775 0.4029825725595901 0.3450962708399887 0.201491286279795 0.7923753884326937
0.3357335147151551 0.6876264389493831 0.1678667573575775 0.3438132194746916 0.1295220582480164
0.2912550306340323 0.22792772624434 0.1456275153170161 0.11396386312217 0.5393666830334681
0.6707092362438262 0.5092664566295879 0.3353546181219131 0.254633228314794 0.1268223682176201
0.2429471946807856 0.07927699976000262 0.1214735973403928 0.03963849988000131 0.3366246236866693
0.2653403890666378 0.8366943493137364 0.1326701945333189 0.4183471746568682 0.6640859074567919
0.7788056501479803 0.5079729396940544 0.3894028250739902 0.2539864698470272 0.4368940204360425
0.965446408984751 0.648071945517871 0.4827232044923755 0.3240359727589355 0.3893181089436068
0.03900675008256808 0.2885064226264604 0.01950337504128404 0.1442532113132302 0.1643692432285769
0.0331225430060275 0.1208712029907156 0.01656127150301375 0.06043560149535778 0.4855053833775947
0.4892704364102676 0.1412123146324744 0.2446352182051338 0.07060615731623718 0.2305052778727802
0.1416864898551287 0.2284695910162299 0.07084324492756436 0.114234795508115 0.4380293057487049
0.490989558813794 0.3999395082662211 0.245494779406897 0.1999697541331105 0.1645237599804704
0.1973712411319801 0.2191660191169708 0.09868562056599003 0.1095830095584854 0.6706474879129747
0.9656612136841637 0.8451154860239415 0.4828306068420818 0.4225577430119707 0.9868018298217337
0.6465384673160343 0.2936806708600277 0.3232692336580171 0.1468403354300139 0.9340030019019335
0.3616556677368597 0.9829472176392745 0.1808278338684298 0.4914736088196373 0.04224795827744836
0.8602949038156912 0.2254337849378202 0.4301474519078456 0.1127168924689101 0.5749643002599034
0.9588161992223476 0.7692382757713874 0.4794080996111738 0.3846191378856937 0.206168337850327
0.8490893758116009 0.1553117289107999 0.4245446879058005 0.07765586445539993 0.7452658246969004
0.561289053147233 0.08371213449611074 0.2806445265736165 0.04185606724805537 0.06409638881049566
0.1797560162073044 0.2074486831428535 0.08987800810365218 0.1037243415714268 0.8798925559653342
0.5807630733910403 0.01865592768723539 0.2903815366955201 0.009327963843617693 0.7167749057953149
0.590573131227272 0.2386687813861442 0.295286565613636 0.1193343906930721 0.950724012651927
0.5586972253200333 0.2142476629976365 0.2793486126600166 0.1071238314988182 0.02777107318095522
0.4861932958784121 0.6578703079522955 0.2430966479392061 0.3289351539761478 0.1955063216199127
0.8989082943609205 0.7228786196145105 0.4494541471804602 0.3614393098072552 0.6635506687838129
0.3795550065374849 0.1557903501976738 0.1897775032687425 0.07789517509883689 0.3991950700694443
0.8952142463135606 0.003572829238439312 0.4476071231567803 0.001786414619219656 0.3848113205225872
0.3801451958241533 0.1306675378905703 0.1900725979120767 0.06533376894528517 0.05098807311929669
0.200932136358021 0.2849729268694266 0.1004660681790105 0.1424864634347133 0.7451339116106075
0.086611518404397 0.03735200879703919 0.0433057592021985 0.0186760043985196 0.4439965335820977
0.9387973978290874 0.6834693729391715 0.4693986989145437 0.3417346864695858 0.1631052017085745
0.9252622813262662 0.09142880510723798 0.4626311406631331 0.04571440255361899 0.8703089689590107
0.5929634608744849 0.633330983754829 0.2964817304372425 0.3166654918774145 0.2733779156311959
0.6490516799989011 0.2515118092266581 0.3245258399994506 0.1257559046133291 0.1591301546392392
0.6097691862868734 0.5531693775649944 0.3048845931434367 0.2765846887824972 0.0522762728384321
0.699366372696785 0.04027978373572076 0.3496831863483925 0.02013989186786038 0.6505169682810341
0.8672252560012719 0.4521265912942562 0.4336126280006359 0.2260632956471281 0.8411877586198172
0.2669490023176214 0.9970260576952275 0.1334745011588107 0.4985130288476137 0.1416180781230198
0.3579672293582108 0.1005870049914094 0.1789836146791054 0.05029350249570471 0.9492690254232135
0.3473880924202236 0.3536312341183228 0.1736940462101118 0.1768156170591614 0.1147931709685287
0.08137108081238546 0.03376992457887555 0.04068554040619273 0.01688496228943778 0.9706915568218765
0.6322185926062688 0.3984783236436282 0.3161092963031344 0.1992391618218141 0.2204779748486199
0.09776752461301157 0.7651195519724645 0.04888376230650578 0.3825597759862323 0.2207428316914384
0.7122242774842142 0.6289974257208635 0.3561121387421071 0.3144987128604317 0.2235580081551607
0.5937957216420937 0.4460388963104392 0.2968978608210469 0.2230194481552196 0.4834001748101613
0.4994864722742974 0.3798480505085588 0.2497432361371487 0.1899240252542794 0.1710353157202018
0.1807546296939828 0.6909976870995823 0.09037731484699138 0.3454988435497912 0.9823984890232719
0.154110701997569 0.3513220224037737 0.07705535099878449 0.1756610112018868 0.1819962726833205
0.8115390540953403 0.2125502336439183 0.4057695270476702 0.1062751168219591 0.3943371938214379
0.03309545835316723 0.05870332860380316 0.01654772917658361 0.02935166430190158 0.7813091592039602
0.8212544613405045 0.8914158498721988 0.4106272306702523 0.4457079249360994 0.8213858113809388
0.2805975916373371 0.8718647399121241 0.1402987958186685 0.435932369956062 0.6926271418693069
0.4152543538525306 0.6197340067798514 0.2076271769262653 0.3098670033899257 0.2576998235541064
0.7836617657683392 0.4533791660500751 0.3918308828841696 0.2266895830250375 0.7546489715644062
0.1245220371207226 0.7212793609777494 0.06226101856036128 0.3606396804888747 0.5644717519327102
0.8124742972028867 0.7734143182934003 0.4062371486014433 0.3867071591467002 0.4477894843598398
0.4762352450056322 0.5342906070049883 0.2381176225028161 0.2671453035024942 0.2457626143003653
0.4352503116804308 0.7668311466894913 0.2176251558402154 0.3834155733447456 0.8584523912777124
0.6777073871639817 0.08391828502214564 0.3388536935819909 0.04195914251107282 0.9346931106311607
0.8192086963116636 0.6621367867603055 0.4096043481558318 0.3310683933801528 0.4813731450719977
0.8201201453520254 0.8144740671147994 0.4100600726760127 0.4072370335573997 0.3725841520819332
0.07609575772749359 0.968554518985555 0.0380478788637468 0.4842772594927775 0.7389397455533238
0.9703426398890257 0.1072869514823413 0.4851713199445128 0.05364347574117064 0.4386562600305873
0.424349865868295 0.0785376250402388 0.2121749329341475 0.0392688125201194 0.002980018995420597
0.02586822744136101 0.3711710999513129 0.01293411372068051 0.1855855499756564 0.7650750241875577
0.1682298781046156 0.5835286937353441 0.0841149390523078 0.2917643468676721 0.5986048184842439
0.4378303924731428 0.1391582769061137 0.2189151962365714 0.06957913845305683 0.06243072056857495
0.980991802945907 0.5203446619386157 0.4904959014729535 0.2601723309693079 0.5458399952968845
0.3285842832006931 0.640684702725971 0.1642921416003465 0.3203423513629855 0.6136765097870446
0.479705992955943 0.3521977267750151 0.2398529964779715 0.1760988633875075 0.7383955311060751
0.903743359026941 0.9430116573375136 0.4518716795134705 0.4715058286687568 0.9605944545597598
0.8815993245731621 0.7209277422796773 0.4407996622865811 0.3604638711398386 0.9783142926503897
0.6779821378466749 0.8067306313532095 0.3389910689233375 0.4033653156766048 0.9046729952998714
0.9587306481447314 0.3198578965699871 0.4793653240723657 0.1599289482849936 0.3015407931059431
0.3504375721069183 0.664422200394001 0.1752187860534592 0.3322111001970005 0.03145296199183638
0.3932629776093055 0.8582503884898633 0.1966314888046527 0.4291251942449317 0.7686229588703558
0.9549971708421192 0.9533040488948912 0.4774985854210596 0.4766520244474456 0.9802514444601641
0.6246491271750324 0.2864202133976957 0.3123245635875162 0.1432101066988478 0.5743755943716479
0.0112201139438221 0.4449448100706994 0.005610056971911049 0.2224724050353497 0.1973336263692706
0.2135502832072755 0.8908017006982244 0.1067751416036377 0.4454008503491122 0.1252565447552296
0.5081296420166658 0.1479030967578286 0.2540648210083329 0.07395154837891429 0.04594315871841885
0.3017980377150535 0.9473303275692181 0.1508990188575267 0.473665163784609 0.4683776029015608
0.5446060954391104 0.3800621313658903 0.2723030477195552 0.1900310656829452 0.9637326663131889
0.9812879008463601 0.5477674876711915 0.49064395042318 0.2738837438355958 0.7775775477718432
0.9341230902176519 0.8340503268794537 0.467061545108826 0.4170251634397268 0.3949682573627568
0.8092050458781583 0.5286344857284863 0.4046025229390792 0.2643172428642431 0.171661264206127
0.6358877494081744 0.396510683021805 0.3179438747040872 0.1982553415109025 0.9610409353618707
0.1000900939910057 0.6485273646736617 0.05004504699550285 0.3242636823368308 0.3709093860152406
0.40701991950896 0.9298902446568529 0.20350995975448 0.4649451223284264 0.9567422938652318
0.8770736830285256 0.5313409149892129 0.4385368415142628 0.2656704574946064 0.950489443375651
0.8503966624343109 0.5201709121870772 0.4251983312171554 0.2600854560935386 0.3490912443775808
0.3843724180051647 0.9636155493293913 0.1921862090025823 0.4818077746646957 0.2188011068345202
0.5206893933085335 0.8438901511919163 0.2603446966542667 0.4219450755959582 0.1433716672081912
0.1260208419157907 0.7999420079405226 0.06301042095789536 0.3999710039702613 0.7436811976257913
0.3917270527176471 0.53439091844292 0.1958635263588236 0.26719545922146 0.4864036365822852
0.4638634891124117 0.9613176414881377 0.2319317445562058 0.4806588207440688 0.4218021531198476
0.5150698078842519 0.1618545810820162 0.257534903942126 0.08092729054100808 0.7743778490743324
0.5208181379414712 0.2256524576421917 0.2604090689707356 0.1128262288210959 0.8911383781732831
0.511607365973985 0.2968171105240103 0.2558036829869925 0.1484085552620052 0.02150639661142755
0.1749893055160053 0.7681060105158817 0.08749465275800264 0.3840530052579408 0.9868337599331257
0.3998747232215504 0.9347554456198657 0.1999373616107752 0.4673777228099328 0.1932482384226463
0.286638085115376 0.4705417667834574 0.143319042557688 0.2352708833917287 0.5817753542808585
0.8863898900585546 0.3239341280552837 0.4431949450292773 0.1619670640276419 0.8511521771352317
0.1996769389089859 0.3610509003206694 0.09983846945449296 0.1805254501603347 0.08873408244856977
0.8705884574118113 0.06452858338629701 0.4352942287059057 0.0322642916931485 0.3286243422633364
0.6559936427829537 0.7378098720770534 0.3279968213914768 0.3689049360385267 0.4057311546033207
0.6901169183518518 0.6062362159836735 0.3450584591759259 0.3031181079918367 0.009783431602810744
0.04889917077218046 0.3475993682686683 0.02444958538609023 0.1737996841343341 0.4747943918365085
0.7147742827461766 0.1244612133175126 0.3573871413730883 0.06223060665875631 0.5512599769522867
0.6329417151431597 0.4397982920875905 0.3164708575715798 0.2198991460437953 0.7037332243535673
0.8992876610877762 0.2838237857016295 0.4496438305438881 0.1419118928508148 0.02167019740069836
0.9676090187208868 0.6768452983706331 0.4838045093604434 0.3384226491853166 0.7267257114967414
0.08351858667680594 0.4973389803581172 0.04175929333840297 0.2486694901790586 0.2633876425736391
0.1352735269751944 0.5273249609484763 0.0676367634875972 0.2636624804742381 0.6723867840484277
0.5856884694909636 0.5616037512495188 0.2928442347454818 0.2808018756247594 0.492802528566063
0.3828356369421453 0.2638826208173443 0.1914178184710727 0.1319413104086722 0.2695532329376667
0.4078122306988591 0.7921777032025301 0.2039061153494296 0.3960888516012651 0.6146561860713893
0.3529320352541418 0.2818842591075536 0.1764660176270709 0.1409421295537768 0.868071141097346
0.1349191284300693 0.826967240631524 0.06745956421503466 0.413483620315762 0.1849631876956722
0.8335244469566248 0.4340245171392368 0.4167622234783124 0.2170122585696184 0.3369961859343848
0.3433583492958768 0.02220152739762242 0.1716791746479384 0.01110076369881121 0.1765291911102756
0.431514270076202 0.4609153457769007 0.215757135038101 0.2304576728884503 0.2938638136610909
0.2505278133130351 0.8316319970801558 0.1252639066565176 0.4158159985400779 0.5724395039672517
0.4016900085542826 0.5104956350152844 0.2008450042771413 0.2552478175076422 0.3539226947045361
0.441184767387359 0.6886996593190257 0.2205923836936795 0.3443498296595128 0.5623921022462897
0.6392139574879336 0.9569003192417856 0.3196069787439668 0.4784501596208928 0.3321866698582978
0.5920899365411524 0.2201416675965397 0.2960449682705762 0.1100708337982698 0.8653090214465526
0.5675505730547644 0.4130426441068452 0.2837752865273822 0.2065213220534226 0.04661383465993622
0.5180114377417512 0.6223129675222191 0.2590057188708756 0.3111564837611095 0.382143552311168
0.4491137557913082 0.9774444734180888 0.2245568778956541 0.4887222367090444 0.003117189345790794
0.72041923395703 0.8274165120826882 0.360209616978515 0.4137082560413441 0.9682699400123143
0.6447286817319644 0.6278237767378974 0.3223643408659822 0.3139118883689487 0.9942115408635736
0.3332848573365947 0.6223596615268673 0.1666424286682973 0.3111798307634336 0.717826420932405
0.3185311634239241 0.417990035349518 0.1592655817119621 0.208995017674759 0.4992924282645876
0.6746585911276552 0.8440505930752177 0.3373292955638276 0.4220252965376088 0.146114246729156
0.7820690948377124 0.7657838267285845 0.3910345474188562 0.3828919133642922 0.7038560799016981
0.2046162179172378 0.1085354492464951 0.1023081089586189 0.05426772462324755 0.9096654085117326
0.5758738992147192 0.07260501721802597 0.2879369496073596 0.03630250860901298 0.7148305803567347
0.4622125003697051 0.9025337345485095 0.2311062501848526 0.4512668672742547 0.8342628962943913
0.1854043422708258 0.9519281118934297 0.09270217113541288 0.4759640559467149 0.8284551938294351
0.9080606254770419 0.6380191081822782 0.454030312738521 0.3190095540911391 0.4167391722886158
0.9236474950772177 0.3485342389332306 0.4618237475386088 0.1742671194666153 0.1589045785246256
0.2895793994426579 0.1160708627798896 0.144789699721329 0.05803543138994479 0.4035010162585318
0.02075573688502967 0.1995064036616152 0.01037786844251484 0.09975320183080758 0.5537164376413919
0.03478836615402685 0.9855617999426889 0.01739418307701342 0.4927808999713444 0.6397432356169734
0.4400193635664573 0.9918289013608544 0.2200096817832286 0.4959144506804272 0.8970447774098544
0.9293290735206156 0.06594418136971796 0.4646645367603078 0.03297209068485898 0.7173009465304487
0.5829358106040711 0.7694780064216354 0.2914679053020355 0.3847390032108177 0.9146494071897515
0.3529444940475476 0.4602717989005373 0.1764722470237738 0.2301358994502687 0.07727236955944465
0.8234447816840533 0.5269325744488519 0.4117223908420267 0.2634662872244259 0.09469649662518713
0.9528696110725379 0.9356737470665374 0.4764348055362689 0.4678368735332687 0.3004485418200436
0.06579778319002476 0.341692497736976 0.03289889159501238 0.170846248868488 0.6133901655487535
0.6962097234464403 0.6969747467992823 0.3481048617232201 0.3484873733996411 0.6349667322992709
0.5541029645448501 0.2301775104684873 0.277051482272425 0.1150887552342436 0.06783167786704473
0.1551706815878396 0.6223216048078288 0.07758534079391979 0.3111608024039144 0.4404185706896297
0.2949186674357435 0.578246658021733 0.1474593337178718 0.2891233290108665 0.0833498822464938
0.9629923748750718 0.7542950571503539 0.4814961874375359 0.377147528575177 0.7260119683562613
0.4251354233176777 0.2903891567978423 0.2125677116588388 0.1451945783989212 0.1255090780448662
0.9346867800547957 0.5113742160732734 0.4673433900273978 0.2556871080366367 0.4094717981404117
0.21432989725177 0.9459335774294761 0.107164948625885 0.4729667887147381 0.5107786312937187
0.09018020380578144 0.6046834116507257 0.04509010190289072 0.3023417058253628 0.1331494424458302
0.1679127520754241 0.2622623069899733 0.08395637603771203 0.1311311534949866 0.2333025106078158
0.9901443818071194 0.7938738044651907 0.4950721909035597 0.3969369022325954 0.04377436642917414
0.958468542414589 0.1372413574096576 0.4792342712072945 0.06862067870482882 0.8057513124529634
0.5091802476767675 0.3291033364408089 0.2545901238383838 0.1645516682204044 0.7194948276912302
0.6559845081638359 0.5265282699222368 0.327992254081918 0.2632641349611184 0.1134284401563966
0.7164983190725157 0.4061546269902267 0.3582491595362579 0.2030773134951133 0.7285988453140106
0.4798969391818957 0.4985758259486016 0.2399484695909479 0.2492879129743008 0.5624704688857372
0.9296878380756665 0.5469103609287693 0.4648439190378332 0.2734551804643847 0.1265604471427946
0.303416022855764 0.3268830544025322 0.151708011427882 0.1634415272012661 0.1692709127299222
0.2157524723245582 0.2251399763442538 0.1078762361622791 0.1125699881721269 0.738672156966069
0.8808446809596951 0.9739587174290061 0.4404223404798476 0.486979358714503 0.3620086970608316
0.03345459372051988 0.3039898216280432 0.01672729686025994 0.1519949108140216 0.3931121105356034
0.4856013683550003 0.08338077429574346 0.2428006841775001 0.04169038714787173 0.2601968324548116
0.8566109422366092 0.04081276077069144 0.4283054711183046 0.02040638038534572 0.3596531327385462
0.199761656269318 0.1856060483112001 0.09988082813465901 0.09280302415560007 0.5166020082481937
0.00969608103868096 0.6671849886791404 0.00484804051934048 0.3335924943395702 0.8396178212497221
0.7950726881288344 0.1632077738441337 0.3975363440644172 0.08160388692206685 0.8605022544971771
0.8838567422969443 0.0009995639049836136 0.4419283711484722 0.0004997819524918068 0.3089457835056219
0.9719834845690866 0.5597041193935693 0.4859917422845433 0.2798520596967847 0.9882338858192744
0.04185259242397081 0.3485554545154803 0.02092629621198541 0.1742777272577401 0.5291800931473701
0.3861604759798962 0.2983343455643189 0.1930802379899481 0.1491671727821594 0.1819422893485069
0.9599757094831421 0.8806152035986005 0.4799878547415711 0.4403076017993002 0.2314559623329458
0.1257581709495828 0.1547780418849823 0.0628790854747914 0.07738902094249114 0.722571638802569
0.5791979638817575 0.1241631701062515 0.2895989819408787 0.06208158505312574 0.3272019638350273
0.2974111799223637 0.4071780337547578 0.1487055899611819 0.2035890168773789 0.5341688035968282
0.7316842731926406 0.4821399657049975 0.3658421365963203 0.2410699828524987 0.9089313504858906
0.120527473458136 0.8199360892791308 0.06026373672906801 0.4099680446395654 0.6474498797855706
0.5515394715403954 0.7729314878301773 0.2757697357701977 0.3864657439150886 0.8280651113979
0.06792987852488723 0.4273859742924181 0.03396493926244361 0.2136929871462091 0.8546852181216323
0.6636688260186517 0.7871045764725197 0.3318344130093259 0.3935522882362599 0.488462500829805
0.6609227574764646 0.6917451089042725 0.3304613787382323 0.3458725544521363 0.9894115470468349
0.9429880377195706 0.1381028277133999 0.4714940188597853 0.06905141385669997 0.3930965110095965
0.3798770563394591 0.7378497160443822 0.1899385281697295 0.3689248580221911 0.2528581489469164
0.3009574895757313 0.2393157306537766 0.1504787447878656 0.1196578653268883 0.9789979510920477
0.795155082040378 0.7512036690025695 0.397577541020189 0.3756018345012848 0.224448124170805
0.5010686991952209 0.378697205363876 0.2505343495976105 0.189348602681938 0.7857893895901961
0.8998682123287232 0.9677486487906736 0.4499341061643616 0.4838743243953368 0.2053764611222967
0.5894518101700954 0.01399746402376749 0.2947259050850477 0.006998732011883746 0.4239437212686945
0.3465610351221336 0.05079493030983655 0.1732805175610668 0.02539746515491827 0.2962847909703599
0.1088166327347623 0.2475686557367023 0.05440831636738116 0.1237843278683512 0.9090699875909473
0.9840847529696188 0.1816903655639241 0.4920423764848094 0.09084518278196205 0.6214766639440324
0.456475650840771 0.6818740439615844 0.2282378254203855 0.3409370219807922 0.4116532732910413
0.1534996238638482 0.2484937486868544 0.07674981193192412 0.1242468743434272 0.2998243606943724
0.4741553253245188 0.4562667155422676 0.2370776626622594 0.2281333577711338 0.1633889521827238
0.3221246936667065 0.08647310958673086 0.1610623468333533 0.04323655479336543 0.2750952473875511
0.5563999613473927 0.4442274744127592 0.2781999806736963 0.2221137372063796 0.3763139644554144
0.6742976526027818 0.9993410554203028 0.3371488263013909 0.4996705277101514 0.3611737253710668
0.2140555175024801 0.7645976230432764 0.1070277587512401 0.3822988115216382 0.5481697723148907
0.747987299167616 0.9070847167987828 0.373993649583808 0.4535423583993914 0.1046213348235035
0.4655341365909345 0.6373463534774808 0.2327670682954673 0.3186731767387404 0.1165626421343489
0.6911690026399535 0.736573191522368 0.3455845013199768 0.368286595761184 0.9054924051887245
0.5972094808945336 0.5550886263605423 0.2986047404472668 0.2775443131802712 0.6494581920953896
0.4513062467196008 0.7053174739348246 0.2256531233598004 0.3526587369674123 0.9005349040359689
0.108119741917045 0.5694993510091002 0.05405987095852251 0.2847496755045501 0.5064569855124068
0.3299274484350666 0.3892846841262308 0.1649637242175333 0.1946423420631154 0.5996691400655629
0.7476742331927603 0.1622595431577389 0.3738371165963801 0.08112977157886944 0.9633480699534305
0.4606090589004173 0.4090528799174862 0.2303045294502087 0.2045264399587431 0.3774628703414664
0.4184440030178612 0.2258845295439503 0.2092220015089306 0.1129422647719751 0.8024359514006431
0.6632352213230831 0.2035942838431888 0.3316176106615416 0.1017971419215944 0.1891170279324345
0.926991067817063 0.08167995300943769 0.4634955339085315 0.04083997650471884 0.7877342575403264
0.7917721627034314 0.9111496825900266 0.3958860813517157 0.4555748412950133 0.370949314654194
0.09111499993997167 0.1677752090230043 0.04555749996998584 0.08388760451150215 0.3549453127842775
0.3411192772239385 0.6723728001872277 0.1705596386119692 0.3361864000936138 0.8447760256053835
0.9755172282642163 0.9923136603601389 0.4877586141321081 0.4961568301800695 0.5572527187025952
0.6062097585032445 0.6933788238436293 0.3031048792516223 0.3466894119218146 0.645114615582941
0.2016325972082083 0.64986477397797 0.1008162986041042 0.324932386988985 0.5941870499963364
0.2772018352661114 0.4155771333622365 0.1386009176330557 0.2077885666811183 0.9126533386212077
0.893478102287239 0.4541130803772523 0.4467390511436195 0.2270565401886262 0.4887821437915704
0.3163793619056897 0.5332683774092604 0.1581896809528448 0.2666341887046302 0.8921394772198964
0.2940948938973425 0.9214353928691882 0.1470474469486713 0.4607176964345941 0.9919823659393622
0.1518750889439627 0.1538413336045745 0.07593754447198134 0.07692066680228724 0.02770244092478784
0.7345565402888891 0.390432087409536 0.3672782701444445 0.195216043704768 0.9378945114273016
0.3294365446847721 0.2904231476422559 0.164718272342386 0.145211573821128 0.3146850213664248
0.05910549895128452 0.3800915927747415 0.02955274947564226 0.1900457963873708 0.07967985365860013
0.1411279231350981 0.135798379435709 0.07056396156754904 0.0678991897178545 0.386192311963724
0.4039043291464298 0.3275374254207452 0.2019521645732149 0.1637687127103726 0.8273260888969481
0.6067552253328934 0.9783408000246004 0.3033776126664467 0.4891704000123002 0.6244836157573904
0.9712552354531816 0.9707343078749151 0.4856276177265908 0.4853671539374576 0.8092586188864653
0.8014229460714758 0.9587135107999751 0.4007114730357379 0.4793567553999876 0.5340528803802468
0.2901309185690324 0.4282591245121279 0.1450654592845162 0.214129562256064 0.3948493237917266
0.7417122118354328 0.4508422792583424 0.3708561059177164 0.2254211396291712 0.7170773773109127
0.5140796858170362 0.3593885336490854 0.2570398429085181 0.1796942668245427 0.5701727032795155
0.3722371196664201 0.9223190319271339 0.18611855983321 0.461159515963567 0.3005009489809053
0.4165948061165436 0.4007766652286509 0.2082974030582718 0.2003883326143255 0.09721076537329058
0.7421772468073655 0.9874159746807945 0.3710886234036828 0.4937079873403972 0.5935889598039223
0.9592592978086655 0.5741595953580392 0.4796296489043327 0.2870797976790196 0.1534454558712431
0.8951495232440286 0.4412372417613267 0.4475747616220143 0.2206186208806633 0.870377197655798
0.1997786301457626 0.03109212509728447 0.09988931507288132 0.01554606254864224 0.3616799068936925
0.0893849482267987 0.5117571491128752 0.04469247411339935 0.2558785745564376 0.9410582961688821
0.1143867326974515 0.7725779361210747 0.05719336634872576 0.3862889680605374 0.789669568864846
0.2281583157073172 0.5627016056152725 0.1140791578536586 0.2813508028076362 0.08618924333543025
0.7304327716683027 0.7696193727838146 0.3652163858341513 0.3848096863919073 0.08829309824654523
0.04614148268685896 0.938580492427147 0.02307074134342948 0.4692902462135735 0.7402297237056681
0.6172625817202154 0.3491258985166827 0.3086312908601077 0.1745629492583413 0.9685879404091082
0.8316796689094664 0.1432533413086959 0.4158398344547332 0.07162667065434794 0.3743926479638062
0.3610759223678264 0.1204108419355252 0.1805379611839132 0.06020542096776262 0.5802286330531196
0.3622520499906842 0.6206287435246226 0.1811260249953421 0.3103143717623113 0.5229064167099964
0.6872045485032702 0.9335368629544617 0.3436022742516351 0.4667684314772308 0.4945608647166705
0.02144953363346662 0.9424275205151891 0.01072476681673331 0.4712137602575945 0.4653839613257474
0.08828494471633357 0.6974723805409083 0.04414247235816678 0.3487361902704542 0.3569330396176716
0.3935556617574583 0.1040418278141816 0.1967778308787292 0.05202091390709081 0.8313696137752274
0.2304867771989659 0.9201546453290835 0.1152433885994829 0.4600773226645418 0.7693722378933187
0.849057299769264 0.7486901224287985 0.424528649884632 0.3743450612143993 0.6125301820182649
0.4412263646371681 0.5595286426008315 0.220613182318584 0.2797643213004157 0.1957019045152046
0.9389207089862096 0.0981960468100213 0.4694603544931048 0.04909802340501065 0.2246950246060891
0.3826829518663321 0.6173652568164065 0.1913414759331661 0.3086826284082033 0.02897286687688232
0.7386575788423813 0.1131468933920928 0.3693287894211906 0.05657344669604638 0.2843391096748707
0.9749413420337042 0.1216494240708839 0.4874706710168521 0.06082471203544195 0.2544490417028014
0.3688841864908131 0.4391050823956859 0.1844420932454065 0.2195525411978429 0.3624281209332561
0.3878549978853436 0.4007680192833759 0.1939274989426718 0.2003840096416879 0.247485955105111
0.5698707348182801 0.5486264207525939 0.2849353674091401 0.274313210376297 0.07018502973519829
0.790211421480026 0.6495953434867303 0.395105710740013 0.3247976717433652 0.3900296634390015
0.1552320828475144 0.2027465271214714 0.07761604142375719 0.1013732635607357 0.6025928150499755
0.3591671600162311 0.04433717633886762 0.1795835800081156 0.02216858816943381 0.1437068989195283
0.6778233081664086 0.8210471511247934 0.3389116540832043 0.4105235755623967 0.1581490748639924
0.4393045484367297 0.9373630394700181 0.2196522742183648 0.468681519735009 0.2264070929606095
0.4781719729275387 0.942697358561832 0.2390859864637694 0.471348679280916 0.7378612252814258
0.03117974859345789 0.4574673948088586 0.01558987429672895 0.2287336974044293 0.8158789030020454
0.8213164815863946 0.1101705212000853 0.4106582407931973 0.05508526060004267 0.4483643700302255
0.03486844259763137 0.4184186081468794 0.01743422129881569 0.2092093040734397 0.06632005974633574
0.5946246800663322 0.1591033027136227 0.2973123400331661 0.07955165135681133 0.9420970457238816
0.962057355886879 0.4367009133170224 0.4810286779434395 0.2183504566585112 0.3380547546723816
0.305304252303168 0.7847812424864893 0.152652126151584 0.3923906212432446 0.3471157635466819
0.3039328765131551 0.1876052072793735 0.1519664382565775 0.09380260363968676 0.6753735355943921
0.04756684764528134 0.9964925064806657 0.02378342382264067 0.4982462532403328 0.3367661186703301
0.8820073814242007 0.9175626781255161 0.4410036907121003 0.458781339062758 0.2103254668274285
0.4464434967648368 0.7752131462340789 0.2232217483824184 0.3876065731170394 0.952726378349907
0.7099664169182864 0.2936889100276674 0.3549832084591432 0.1468444550138337 0.1462986233310297
0.6747303122842273 0.9245711174391875 0.3373651561421137 0.4622855587195938 0.3272155507069232
0.3838514130968416 0.882177064727534 0.1919257065484208 0.441088532363767 0.5206010270576543
0.6460226136495594 0.09931893300805987 0.3230113068247797 0.04965946650402994 0.5417338906429537
0.8397967052836747 0.8896444038903308 0.4198983526418373 0.4448222019451654 0.9969826177808438
0.4549576636256664 0.08170250945405282 0.2274788318128332 0.04085125472702641 0.260559980309851
0.6960002687347568 0.4401277696668565 0.3480001343673784 0.2200638848334282 0.3444504183463391
0.1120259090783331 0.05580440400811985 0.05601295453916657 0.02790220200405993 0.9838496786662202
0.4903243443781499 0.4411000265957022 0.245162172189075 0.2205500132978511 0.2202957196454983
0.7381871128368743 0.6309903031537006 0.3690935564184372 0.3154951515768503 0.2269470069905049
0.8046686428542049 0.4937569200853463 0.4023343214271025 0.2468784600426731 0.5019093000000822
0.4969914138863483 0.9054671508580078 0.2484957069431742 0.4527335754290039 0.3811123075633385
0.01865792546771321 0.3770053709331274 0.009328962733856605 0.1885026854665637 0.5114632168138151
0.1855044323448605 0.7943971283081971 0.09275221617243026 0.3971985641540985 0.7191767097351103
0.6945122158515245 0.04875216252619767 0.3472561079257622 0.02437608126309884 0.5864356550640715
0.07746983762061148 0.6059712381584831 0.03873491881030574 0.3029856190792415 0.07042646532967782
0.2042031421765894 0.9071060392466039 0.1021015710882947 0.453553019623302 0.9418218103911319
0.6708401888406423 0.2585654219516237 0.3354200944203212 0.1292827109758119 0.2562939172518536
0.2982036273519247 0.5387798385229109 0.1491018136759623 0.2693899192614554 0.5179094573898864
0.139597143357272 0.6481505699011225 0.06979857167863598 0.3240752849505613 0.2640022617907972
0.6638336503712156 0.5199114335491281 0.3319168251856078 0.259955716774564 0.332408854019104
0.1446725063610254 0.3269153054097333 0.07233625318051271 0.1634576527048666 0.4890814313375471
0.9290794080645275 0.1120220765564109 0.4645397040322637 0.05601103827820544 0.853593973856142
0.004641260873167008 0.6065727186354759 0.002320630436583504 0.303286359317738 0.05765749330887308
0.2471497548120243 0.9629746934766797 0.1235748774060122 0.4814873467383399 0.6576215357026924
0.03543346068803192 0.2666771284162807 0.01771673034401596 0.1333385642081404 0.781382418786524
0.4631695571407667 0.7542087752134796 0.2315847785703834 0.3771043876067398 0.07084911337618531
0.1416011977505426 0.8379124606049847 0.07080059887527132 0.4189562303024923 0.6444007993102315
0.8433701854678681 0.813325900415914 0.4216850927339341 0.406662950207957 0.09828739572246452
0.8446740517211914 0.4625259666682697 0.4223370258605957 0.2312629833341348 0.20491132984043
0.08340425255808163 0.695524194667768 0.04170212627904082 0.347762097333884 0.9961174081803318
0.3802445151031024 0.5633551341038334 0.1901222575515512 0.2816775670519167 0.8290017087595996
0.3356330930020644 0.07541373033914815 0.1678165465010322 0.03770686516957408 0.4794628518165749
0.06672653196139837 0.1540386864951772 0.03336326598069918 0.07701934324758861 0.8806837829570228
0.6608883240490988 0.389999161026064 0.3304441620245494 0.194999580513032 0.1549749363763543
0.7619802865681694 0.4081404457047088 0.3809901432840847 0.2040702228523544 0.4009715292588298
0.7828924969573573 0.6831423234709081 0.3914462484786786 0.341571161735454 0.1828706950623681
0.8523847042439651 0.1019312236404582 0.4261923521219825 0.05096561182022909 0.1450835751725144
0.3453090148999806 0.4065936334674478 0.1726545074499903 0.2032968167337239 0.02168858893345487
0.1702764296059703 0.807771217388057 0.08513821480298514 0.4038856086940285 0.2349867624863113
0.4725065451357678 0.7749075056501631 0.2362532725678839 0.3874537528250815 0.7151230114343531
0.9711312517715542 0.8646282234730356 0.4855656258857771 0.4323141117365178 0.901122107866248
0.6790472455681487 0.9632500212288604 0.3395236227840743 0.4816250106144302 0.9851335464024474
0.3830735005059782 0.4612585207121893 0.1915367502529891 0.2306292603560946 0.2347242805046665
0.09101628609499961 0.002442539268794164 0.0455081430474998 0.001221269634397082 0.5336322113536653
0.704314573057476 0.2043284744868951 0.352157286528738 0.1021642372434476 0.921921012094698
0.4491527542476262 0.1333973344215121 0.2245763771238131 0.06669866721075604 0.2678447730667756
0.9060285490959888 0.2343654937909369 0.4530142745479944 0.1171827468954685 0.8883425213079225
0.3140551626112191 0.5477159602091 0.1570275813056095 0.27385798010455 0.1036484396211218
0.5250185234802138 0.896091698833225 0.2625092617401069 0.4480458494166125 0.3076739319025968
0.7405173948011256 0.487779750156803 0.3702586974005628 0.2438898750784015 0.5627354026859098
0.2553100749183304 0.9688589200105205 0.1276550374591652 0.4844294600052603 0.7771269774211267
0.6823084822996434 0.64654024573832 0.3411542411498217 0.32327012286916 0.6559167860235418
0.4691736543969223 0.4808142784588579 0.2345868271984612 0.2404071392294289 0.6230108439729005
0.5986327816342695 0.208036685830062 0.2993163908171347 0.104018342915031 0.7613918656484304
0.6831577157871109 0.3059148949559923 0.3415788578935555 0.1529574474779961 0.4330331490800631
0.1005876464139464 0.8013393928017648 0.0502938232069732 0.4006696964008824 0.08215335654709736
0.1707383625822365 0.1868022268704025 0.08536918129111823 0.09340111343520127 0.1451701138757254
0.7876108271290211 0.05045554829393288 0.3938054135645105 0.02522777414696644 0.7219439828854534
0.3172792797924304 0.6590759592589074 0.1586396398962152 0.3295379796294537 0.06627277434318572
0.243055101685806 0.4810474079458641 0.121527550842903 0.2405237039729321 0.5106386459374129
0.3374114886689663 0.1614345052734978 0.1687057443344831 0.08071725263674892 0.4209509846331616
0.1333222436795444 0.9211124260639036 0.06666112183977221 0.4605562130319518 0.6292397709359292
0.6437567680154921 0.2292602818736246 0.321878384007746 0.1146301409368123 0.639941324689005
0.3939875732363445 0.7222353841727777 0.1969937866181723 0.3611176920863888 0.6298308662728578
0.1520113406634981 0.2661565456789433 0.07600567033174907 0.1330782728394716 0.2683333603400445
0.06354828511648351 0.9048618434742353 0.03177414255824176 0.4524309217371176 0.1899497714017626
0.7404445204735588 0.2439172448937609 0.3702222602367794 0.1219586224468805 0.3431891183910636
0.3055746692422827 0.09473688165632559 0.1527873346211413 0.04736844082816279 0.5766068696838292
0.8354678661927313 0.1048234534086559 0.4177339330963656 0.05241172670432794 0.6817550178032632
0.7124258427471808 0.7416285357815943 0.3562129213735904 0.3708142678907971 0.3885546175997174
0.3181323133618706 0.8569333349741981 0.1590661566809353 0.4284666674870991 0.5988472438758611
0.3880561300054149 0.3006738811981164 0.1940280650027074 0.1503369405990582 0.758621499161351
0.7906855110681786 0.6162253430971772 0.3953427555340893 0.3081126715485886 0.1138204413391887
0.3464008784106863 0.5918458756592777 0.1732004392053431 0.2959229378296389 0.2178833623273081
0.643764841610153 0.7365885675836689 0.3218824208050765 0.3682942837918344 0.3281099834080983
0.5527471157144693 0.4131840971649813 0.2763735578572347 0.2065920485824907 0.7290601383458523
0.358993204654001 0.174898151558261 0.1794966023270005 0.0874490757791305 0.4174251932101641
0.4480419719458936 0.8116028748881975 0.2240209859729468 0.4058014374440987 0.6425805140282072
0.6476484968271514 0.2196010876996022 0.3238242484135757 0.1098005438498011 0.7784084404535311
0.9578614234291114 0.16729793121047 0.4789307117145557 0.08364896560523502 0.01117976620885435
0.2484259666317053 0.001140670873257799 0.1242129833158526 0.0005703354366288993 0.8367651420069681
0.8657870525154447 0.2556754081515503 0.4328935262577224 0.1278377040757751 0.6316214271973944
0.6709691795981868 0.4054682977947119 0.3354845897990934 0.2027341488973559 0.1880690796401566
0.5400982432207818 0.3866675749906138 0.2700491216103909 0.1933337874953069 0.2459940578412516
0.5185404853311001 0.5474150325627596 0.25927024266555 0.2737075162813798 0.31214989531511
0.1863335159588215 0.7707689396443901 0.09316675797941074 0.385384469822195 0.009229914421308206
0.04075311675184472 0.3206006956110242 0.02037655837592236 0.1603003478055121 0.1862046449587636
0.7378777094412572 0.4409389147379514 0.3689388547206286 0.2204694573689757 0.3288404854179075
0.01694589764538983 0.3212477104739846 0.008472948822694915 0.1606238552369923 0.9321035671359778
0.6530129283747397 0.849464524809878 0.3265064641873698 0.424732262404939 0.2597244853183154
0.4419166518757059 0.7347269875201214 0.2209583259378529 0.3673634937600607 0.9208404822889865
0.02454311662940527 0.5315376333434573 0.01227155831470264 0.2657688166717286 0.236691796929587
0.7349798032238485 0.08125077720157507 0.3674899016119242 0.04062538860078754 0.2465040823757095
0.8371028956077908 0.3014851537305465 0.4185514478038954 0.1507425768652732 0.8323415572877476
0.300517905427314 0.006055346881025425 0.150258952713657 0.003027673440512713 0.3566159606066188
0.1619018737857866 0.04724825486680422 0.08095093689289332 0.02362412743340211 0.03292151972954764
0.7838532822174283 0.7201735002152092 0.3919266411087142 0.3600867501076046 0.8110562345701933
0.1415968600090593 0.9077800502876703 0.07079843000452965 0.4538900251438351 0.8952821273324384
0.7754705275528712 0.066156351257233 0.3877352637764356 0.0330781756286165 0.6183824743253389
0.904532800726926 0.6158264428254218 0.452266400363463 0.3079132214127109 0.5883472100327012
0.02663403243731937 0.1098757966894189 0.01331701621865968 0.05493789834470943 0.7846332270480796
0.4309814872416431 0.4247733445602189 0.2154907436208216 0.2123866722801095 0.1083077506849654
0.7490893757456124 0.05471577106350593 0.3745446878728062 0.02735788553175297 0.3587633181706252
0.7687201731078829 0.5245175903323201 0.3843600865539414 0.2622587951661601 0.7670907162947
0.05788569446820251 0.1765446260399858 0.02894284723410125 0.08827231301999292 0.155381159719789
0.5650641813607318 0.09768089133729101 0.2825320906803659 0.0488404456686455 0.05011342473351814
0.9121493652755108 0.01720120952338393 0.4560746826377554 0.008600604761691966 0.07147491147255096
0.7783714022855627 0.9578261520725072 0.3891857011427813 0.4789130760362536 0.5511775922398943
0.5184695436461907 0.7108024120574398 0.2592347718230953 0.3554012060287199 0.5624172338617885
0.4442722152089271 0.807228336065563 0.2221361076044635 0.4036141680327815 0.09997599085010005
0.1812983216253304 0.09580767254567495 0.09064916081266519 0.04790383627283747 0.6332304779330997
0.6344221533454159 0.451325522707847 0.3172110766727079 0.2256627613539235 0.3140281218970242
0.1483238315014836 0.9066025283524097 0.0741619157507418 0.4533012641762049 0.9961605765807275
0.6713874577609963 0.5327141447775424 0.3356937288804981 0.2663570723887712 0.3489746269431536
0.5503880008339246 0.873136854644411 0.2751940004169623 0.4365684273222055 0.7716174825197757
0.2753288362096353 0.08507869692625629 0.1376644181048176 0.04253934846312814 0.9199159678475546
0.1881151437926286 0.9912658749917833 0.09405757189631428 0.4956329374958917 0.8419605821098258
0.4251908535517018 0.2881694621121411 0.2125954267758509 0.1440847310560705 0.7089250625307506
0.7650673174146777 0.3031898681824687 0.3825336587073389 0.1515949340912343 0.3675597944587994
0.3544391314876338 0.6800859618275564 0.1772195657438169 0.3400429809137782 0.9484742335685747
0.4339409365386397 0.7446732311663262 0.2169704682693198 0.3723366155831631 0.7410720877724968
0.4250404949494925 0.007285815457668532 0.2125202474747463 0.003642907728834266 0.03288286011543722
0.8316771333955658 0.7563034156088881 0.4158385666977829 0.3781517078044441 0.006139765629772853
0.6489028211803978 0.9971126536935119 0.3244514105901989 0.4985563268467559 0.2463102696133799
0.9812671148430127 0.3588145879015197 0.4906335574215063 0.1794072939507599 0.9064238480856771
0.02449832456507866 0.942238551343856 0.01224916228253933 0.471119275671928 0.1078908980521035
0.9570537115593596 0.3098055992487642 0.4785268557796798 0.1549027996243821 0.1725678489784884
0.9793997708916919 0.4921768163154057 0.489699885445846 0.2460884081577029 0.105383913699556
0.6658597219588568 0.3662047582007094 0.3329298609794284 0.1831023791003547 0.1261579357317703
0.9768264740838176 0.5237012162949557 0.4884132370419088 0.2618506081474778 0.6706383825739662
0.5901603945384296 0.03436579151439305 0.2950801972692148 0.01718289575719652 0.677822163464967
0.4459450316927836 0.1845244986731726 0.2229725158463918 0.09226224933658631 0.1811673857803416
0.365328559723912 0.037304766188255 0.182664279861956 0.0186523830941275 0.7346201204823776
0.2685605337351324 0.01444124424023789 0.1342802668675662 0.007220622120118947 0.8637059184949271
0.07644883680662666 0.3225787420704273 0.03822441840331333 0.1612893710352137 0.8380915630493863
0.482436597656401 0.3580295145836229 0.2412182988282005 0.1790147572918115 0.218105157662084
0.02134414794125488 0.525963739907084 0.01067207397062744 0.262981869953542 0.2932097093725231
0.8492875160744755 0.2843416493322482 0.4246437580372378 0.1421708246661241 0.7843007241228286
0.7596260994939958 0.6937634206220815 0.3798130497469979 0.3468817103110408 0.6464087859609465
0.5316607728592463 0.1412657139437835 0.2658303864296231 0.07063285697189173 0.2375117823728074
0.988419311288972 0.6692193941565657 0.494209655644486 0.3346096970782829 0.9360496645560612
0.6477501270524834 0.246567202187276 0.3238750635262417 0.123283601093638 0.0834953253900768
0.02493431707295761 0.7489201334195051 0.01246715853647881 0.3744600667097526 0.890521275157343
0.9430531599636875 0.2567045736865156 0.4715265799818438 0.1283522868432578 0.846087668377657
0.9294218501401104 0.1928803465995924 0.4647109250700552 0.09644017329979618 0.3204616147275903
0.2822950728008348 0.9277021203161661 0.1411475364004174 0.463851060158083 0.4028367361659592
0.2453090965681667 0.8176843858210086 0.1226545482840834 0.4088421929105043 0.04770529360177748
0.005022511474517199 0.9310769894369094 0.0025112557372586 0.4655384947184547 0.127164144989027
0.7784075021667498 0.2418142306934076 0.3892037510833749 0.1209071153467038 0.1137739771047133
0.1683377453229537 0.4582517694474251 0.08416887266147685 0.2291258847237126 0.6120331639051867
0.03714894559573283 0.148031709823788 0.01857447279786641 0.07401585491189402 0.5633690727429868
0.1751857502404654 0.9890556887053757 0.0875928751202327 0.4945278443526879 0.1349835041540497
0.237165728717499 0.1421171547477719 0.1185828643587495 0.07105857737388596 0.1216290673131791
0.4377437818398056 0.7998495073351802 0.2188718909199028 0.3999247536675901 0.04105240900659306
